0 0.403684 0.604134 0.078947 0.124006
0 0.686316 0.228140 0.088421 0.141494
0 0.803684 0.622417 0.030526 0.052464
0 0.664737 0.091415 0.106316 0.166932
0 0.479474 0.485692 0.093684 0.144674
0 0.036316 0.511924 0.068421 0.139905
0 0.599474 0.167727 0.089474 0.151033
0 0.973684 0.532591 0.040000 0.057234
0 0.226316 0.535771 0.069474 0.120827
0 0.427368 0.372814 0.096842 0.160572
0 0.150000 0.418919 0.095789 0.160572
0 0.112105 0.562798 0.104211 0.136725
0 0.436842 0.085851 0.094737 0.168521
0 0.305789 0.585851 0.089474 0.147854
0 0.092632 0.948331 0.088421 0.100159
0 0.256316 0.662957 0.095789 0.130366
0 0.340000 0.285374 0.088421 0.163752
