0 0.685500 0.776612 0.023000 0.035982
0 0.768500 0.577211 0.029000 0.038981
0 0.498500 0.236882 0.023000 0.035982
0 0.885500 0.359820 0.029000 0.035982
0 0.737500 0.821589 0.027000 0.038981
0 0.609000 0.806597 0.030000 0.047976
0 0.681500 0.500750 0.033000 0.041979
0 0.387500 0.277361 0.023000 0.035982
0 0.635500 0.323838 0.029000 0.038981
0 0.963000 0.337331 0.024000 0.041979
0 0.508500 0.823088 0.031000 0.050975
0 0.606500 0.785607 0.033000 0.035982
0 0.745500 0.455022 0.029000 0.040480
0 0.931500 0.495502 0.037000 0.049475
0 0.851000 0.613943 0.026000 0.034483
0 0.930000 0.175412 0.028000 0.044978
0 0.919500 0.563718 0.029000 0.038981
0 0.543000 0.032234 0.022000 0.040480
0 0.875500 0.631184 0.031000 0.047976
0 0.711500 0.704648 0.025000 0.035982
0 0.907500 0.261619 0.025000 0.031484
0 0.479500 0.814843 0.037000 0.049475
0 0.507500 0.050975 0.023000 0.035982
0 0.585500 0.826837 0.035000 0.040480
