0 0.948242 0.507812 0.089844 0.122396
0 0.968262 0.373698 0.063477 0.106771
0 0.648926 0.191406 0.100586 0.119792
0 0.542969 0.396484 0.105469 0.139323
0 0.398438 0.632812 0.107422 0.164062
0 0.156738 0.713542 0.161133 0.158854
0 0.428223 0.402995 0.114258 0.141927
0 0.364746 0.142578 0.094727 0.115885
0 0.447266 0.167318 0.111328 0.147135
0 0.478516 0.521484 0.125000 0.160156
0 0.518555 0.670573 0.125000 0.174479
0 0.846191 0.496745 0.122070 0.152344
0 0.771484 0.399089 0.115234 0.162760
0 0.548340 0.160156 0.104492 0.138021
0 0.198730 0.524740 0.120117 0.153646
0 0.299805 0.367839 0.119141 0.149740
0 0.352051 0.932943 0.139648 0.134115
0 0.508301 0.914062 0.165039 0.171875
0 0.670898 0.303385 0.111328 0.132812
0 0.936523 0.922526 0.126953 0.154948
0 0.740723 0.807943 0.133789 0.165365
0 0.934570 0.619792 0.125000 0.158854
0 0.812500 0.923177 0.142578 0.153646
0 0.573242 0.262370 0.103516 0.154948
0 0.652344 0.404297 0.134766 0.167969
0 0.289551 0.800781 0.135742 0.200521
0 0.285645 0.623698 0.129883 0.166667
0 0.603516 0.537760 0.125000 0.143229
0 0.808105 0.635417 0.127930 0.171875
0 0.677734 0.664062 0.130859 0.151042
0 0.725586 0.516927 0.113281 0.151042
0 0.344727 0.503255 0.119141 0.134115
0 0.423828 0.792318 0.130859 0.173177
