0 0.370886 0.546667 0.346835 0.473333
0 0.870253 0.287500 0.256962 0.328333
0 0.077215 0.652500 0.151899 0.231667
0 0.254430 0.340000 0.250633 0.343333
0 0.907595 0.447500 0.184810 0.258333
0 0.765190 0.132500 0.279747 0.261667
0 0.274684 0.128333 0.245570 0.210000
0 0.184177 0.821667 0.365823 0.353333
0 0.546835 0.339167 0.341772 0.418333
0 0.762025 0.722500 0.369620 0.485000
0 0.085443 0.364167 0.168354 0.411667
0 0.960759 0.911667 0.075949 0.176667
0 0.516456 0.100000 0.250633 0.196667
0 0.525949 0.866667 0.332911 0.250000
