0 0.488750 0.715613 0.157500 0.249071
0 0.752500 0.905204 0.160000 0.182156
0 0.426250 0.459108 0.142500 0.241636
0 0.816250 0.085502 0.127500 0.156134
0 0.857500 0.589219 0.155000 0.204461
0 0.540000 0.276952 0.195000 0.263941
0 0.363750 0.256506 0.157500 0.223048
0 0.073750 0.135688 0.142500 0.256506
0 0.618750 0.762082 0.147500 0.245353
0 0.682500 0.066914 0.145000 0.126394
0 0.722500 0.676580 0.150000 0.223048
0 0.193750 0.328996 0.177500 0.249071
0 0.935000 0.102230 0.125000 0.197026
0 0.046250 0.661710 0.087500 0.245353
0 0.731250 0.462825 0.152500 0.219331
0 0.160000 0.654275 0.175000 0.252788
0 0.867500 0.275093 0.150000 0.185874
0 0.208750 0.869888 0.182500 0.230483
0 0.455000 0.152416 0.135000 0.178439
0 0.576250 0.520446 0.177500 0.252788
0 0.716250 0.254647 0.157500 0.234201
0 0.072500 0.455390 0.140000 0.226766
0 0.222500 0.172862 0.145000 0.182156
0 0.291250 0.522305 0.172500 0.256506
0 0.848750 0.793680 0.152500 0.226766
