0 0.465833 0.401075 0.165000 0.212903
0 0.233333 0.660215 0.150000 0.167742
0 0.397500 0.238710 0.158333 0.223656
0 0.266667 0.307527 0.186667 0.223656
0 0.137500 0.188172 0.168333 0.208602
0 0.868333 0.474194 0.246667 0.273118
0 0.807500 0.683871 0.298333 0.361290
0 0.609167 0.346237 0.188333 0.240860
0 0.856667 0.111828 0.273333 0.210753
0 0.550833 0.168817 0.178333 0.243011
0 0.204167 0.475269 0.151667 0.197849
0 0.587500 0.848387 0.168333 0.204301
0 0.189167 0.819355 0.158333 0.176344
0 0.335833 0.113978 0.145000 0.176344
0 0.060833 0.747312 0.108333 0.169892
0 0.564167 0.623656 0.161667 0.258065
0 0.345000 0.502151 0.166667 0.217204
0 0.072500 0.574194 0.125000 0.172043
0 0.454167 0.076344 0.128333 0.148387
0 0.430000 0.760215 0.220000 0.316129
0 0.110000 0.872043 0.136667 0.161290
0 0.760000 0.220430 0.263333 0.341935
