0 0.254000 0.749625 0.052000 0.077961
0 0.115000 0.788606 0.050000 0.068966
0 0.277000 0.932534 0.068000 0.095952
0 0.187500 0.795352 0.057000 0.082459
0 0.395000 0.950525 0.068000 0.095952
0 0.447000 0.958771 0.050000 0.082459
0 0.025000 0.814843 0.048000 0.073463
0 0.248500 0.859070 0.061000 0.080960
0 0.687500 0.564468 0.051000 0.073463
0 0.297000 0.815592 0.054000 0.080960
0 0.158000 0.745877 0.054000 0.076462
0 0.328000 0.965517 0.062000 0.068966
0 0.312000 0.754873 0.050000 0.076462
0 0.507000 0.945277 0.058000 0.088456
0 0.418000 0.809595 0.068000 0.095952
0 0.157000 0.847076 0.068000 0.095952
0 0.199000 0.932534 0.068000 0.095952
0 0.066000 0.844078 0.056000 0.071964
0 0.098500 0.867316 0.061000 0.079460
0 0.067500 0.762369 0.051000 0.073463
