0 0.792130 0.762963 0.117593 0.101852
0 0.590278 0.231481 0.087963 0.096296
0 0.894444 0.286574 0.094444 0.091667
0 0.210648 0.315741 0.123148 0.133333
0 0.935185 0.236574 0.074074 0.073148
0 0.180556 0.751852 0.190741 0.207407
0 0.087500 0.295833 0.160185 0.189815
0 0.434722 0.146759 0.095370 0.089815
0 0.691667 0.721759 0.166667 0.147222
0 0.659722 0.937500 0.147222 0.091667
0 0.691667 0.852315 0.151852 0.136111
0 0.272222 0.216204 0.187037 0.186111
0 0.330556 0.663889 0.248148 0.261111
0 0.790278 0.902315 0.108333 0.132407
0 0.538426 0.159722 0.063889 0.095370
0 0.778704 0.591667 0.190741 0.170370
