0 0.886091 0.309167 0.122302 0.098333
0 0.070743 0.211667 0.136691 0.080000
0 0.657074 0.386667 0.086331 0.093333
0 0.432854 0.287500 0.131894 0.078333
0 0.059952 0.278333 0.115108 0.053333
0 0.080336 0.107500 0.127098 0.091667
0 0.154676 0.335000 0.117506 0.086667
0 0.659472 0.959167 0.139089 0.078333
0 0.405276 0.829167 0.143885 0.091667
0 0.609113 0.416667 0.119904 0.083333
0 0.803357 0.475000 0.129496 0.083333
0 0.684652 0.271667 0.093525 0.053333
0 0.476019 0.381667 0.127098 0.086667
0 0.280576 0.509167 0.115108 0.078333
0 0.504796 0.486667 0.127098 0.073333
0 0.693046 0.760000 0.134293 0.096667
0 0.395683 0.152500 0.129496 0.088333
0 0.744604 0.380000 0.122302 0.086667
