0 0.376667 0.620833 0.056667 0.071667
0 0.097500 0.825833 0.065000 0.075000
0 0.208333 0.300000 0.080000 0.110000
0 0.081667 0.627500 0.066667 0.075000
0 0.933333 0.112500 0.103333 0.125000
0 0.547500 0.545000 0.055000 0.076667
0 0.284167 0.555000 0.045000 0.056667
0 0.653333 0.491667 0.050000 0.066667
0 0.178333 0.655000 0.050000 0.066667
0 0.788333 0.869167 0.050000 0.058333
0 0.029167 0.303333 0.048333 0.063333
0 0.506667 0.347500 0.070000 0.101667
0 0.715000 0.383333 0.076667 0.106667
0 0.340833 0.064167 0.088333 0.118333
0 0.688333 0.480833 0.060000 0.075000
0 0.369167 0.518333 0.071667 0.093333
