0 0.508333 0.376250 0.126667 0.182500
0 0.957500 0.340000 0.085000 0.165000
0 0.552500 0.662500 0.121667 0.190000
0 0.445833 0.697500 0.118333 0.130000
0 0.912500 0.438750 0.101667 0.152500
0 0.641667 0.903750 0.120000 0.167500
0 0.133333 0.398750 0.126667 0.132500
0 0.842500 0.885000 0.115000 0.145000
0 0.207500 0.131250 0.118333 0.132500
0 0.460833 0.458750 0.138333 0.197500
0 0.791667 0.698750 0.133333 0.182500
0 0.610000 0.257500 0.103333 0.130000
0 0.758333 0.393750 0.073333 0.077500
0 0.764167 0.928750 0.128333 0.132500
0 0.913333 0.842500 0.136667 0.135000
0 0.962500 0.548750 0.071667 0.192500
0 0.644167 0.538750 0.101667 0.092500
0 0.900000 0.583750 0.100000 0.132500
0 0.716667 0.273750 0.110000 0.162500
0 0.423333 0.582500 0.130000 0.160000
0 0.916667 0.156250 0.090000 0.122500
0 0.195833 0.333750 0.118333 0.212500
0 0.709167 0.460000 0.108333 0.180000
0 0.084167 0.280000 0.128333 0.185000
