0 0.768555 0.523426 0.048828 0.065886
0 0.539551 0.343338 0.022461 0.045388
0 0.169922 0.278184 0.025391 0.046852
0 0.279785 0.098097 0.020508 0.035139
0 0.908203 0.174963 0.027344 0.057101
0 0.906250 0.431918 0.039062 0.055637
0 0.856445 0.353587 0.027344 0.033675
0 0.475098 0.149341 0.034180 0.055637
0 0.438477 0.125183 0.035156 0.054173
0 0.749512 0.319912 0.040039 0.060029
0 0.746582 0.571010 0.040039 0.058565
0 0.144043 0.153001 0.047852 0.074671
0 0.516113 0.545388 0.047852 0.068814
0 0.746582 0.781845 0.040039 0.058565
0 0.244141 0.418741 0.025391 0.038067
0 0.522949 0.212299 0.041992 0.070278
0 0.254883 0.446559 0.025391 0.032211
0 0.048340 0.163250 0.057617 0.086384
0 0.879883 0.174231 0.041016 0.058565
0 0.134766 0.330161 0.037109 0.057101
0 0.460938 0.084187 0.046875 0.077599
0 0.188965 0.307467 0.024414 0.043924
0 0.210938 0.191801 0.052734 0.084919
0 0.671387 0.661054 0.028320 0.048316
0 0.229980 0.082723 0.051758 0.083455
0 0.545898 0.119327 0.039062 0.062958
0 0.220215 0.302343 0.032227 0.045388
0 0.699707 0.398243 0.055664 0.070278
0 0.693848 0.596633 0.028320 0.048316
0 0.340332 0.421669 0.032227 0.049780
0 0.171875 0.333089 0.037109 0.060029
0 0.465332 0.380673 0.051758 0.081991
0 0.263672 0.065154 0.027344 0.036603
0 0.242676 0.322840 0.038086 0.033675
0 0.796387 0.086384 0.022461 0.032211
0 0.479004 0.227672 0.047852 0.083455
0 0.413086 0.562958 0.033203 0.051245
0 0.504395 0.317716 0.045898 0.076135
0 0.850098 0.533675 0.032227 0.045388
