0 0.302222 0.356427 0.088889 0.121870
0 0.427222 0.429883 0.098889 0.128548
0 0.625556 0.129382 0.077778 0.098497
0 0.506111 0.260434 0.092222 0.123539
0 0.869444 0.489149 0.092222 0.110184
0 0.736667 0.443239 0.077778 0.115192
0 0.103889 0.599332 0.081111 0.116861
0 0.378889 0.572621 0.080000 0.106845
0 0.952222 0.262938 0.068889 0.095159
0 0.870556 0.257930 0.061111 0.105175
0 0.205000 0.450751 0.063333 0.106845
0 0.219444 0.490818 0.074444 0.096828
0 0.497222 0.155259 0.081111 0.133556
0 0.780556 0.297162 0.085556 0.116861
0 0.145556 0.420701 0.088889 0.120200
0 0.545556 0.427379 0.086667 0.116861
0 0.825000 0.593489 0.092222 0.118531
0 0.766667 0.175292 0.073333 0.093489
