0 0.904444 0.241538 0.053333 0.076923
0 0.376111 0.605385 0.034444 0.046154
0 0.599722 0.209231 0.055000 0.092308
0 0.369167 0.256538 0.048333 0.065385
0 0.080833 0.738462 0.062778 0.096923
0 0.918056 0.731923 0.063889 0.088462
0 0.705833 0.500000 0.043889 0.055385
0 0.597500 0.545769 0.041667 0.066923
0 0.088611 0.385000 0.036111 0.051538
0 0.548056 0.573462 0.041667 0.057692
0 0.469167 0.215385 0.059444 0.081538
0 0.698333 0.268846 0.042222 0.066923
0 0.601111 0.074615 0.048889 0.076923
0 0.063056 0.821154 0.061667 0.090000
0 0.397500 0.485000 0.048333 0.066923
0 0.444444 0.177308 0.048889 0.070000
0 0.371944 0.195769 0.047222 0.065385
0 0.869722 0.469231 0.050556 0.081538
0 0.570556 0.710769 0.047778 0.069231
0 0.623889 0.441538 0.035556 0.053846
0 0.459444 0.440000 0.041111 0.055385
0 0.449722 0.388462 0.039444 0.049231
0 0.698889 0.268462 0.041111 0.072308
0 0.753889 0.532692 0.048889 0.071538
0 0.133333 0.381154 0.038889 0.059231
0 0.465556 0.322692 0.044444 0.065385
0 0.091667 0.103462 0.038889 0.056154
0 0.832500 0.258846 0.050556 0.076154
0 0.391944 0.370385 0.043889 0.062308
0 0.138056 0.297692 0.033889 0.030769
0 0.964167 0.570000 0.063889 0.092308
0 0.313333 0.349615 0.045556 0.066923
0 0.328056 0.614615 0.049444 0.073846
0 0.224722 0.553077 0.022778 0.038462
0 0.437222 0.232308 0.028889 0.069231
0 0.746389 0.188846 0.047222 0.046923
0 0.111111 0.343077 0.035556 0.047692
0 0.608611 0.639615 0.043889 0.068462
0 0.582778 0.461538 0.045556 0.063077
0 0.178889 0.484615 0.030000 0.041538
0 0.256944 0.564615 0.035000 0.047692
0 0.333333 0.422308 0.044444 0.058462
0 0.809167 0.418077 0.041667 0.070000
0 0.397500 0.405769 0.050556 0.054615
0 0.284167 0.625769 0.041667 0.054615
0 0.925278 0.520000 0.041667 0.064615
0 0.622778 0.511154 0.042222 0.057692
0 0.915278 0.874231 0.058333 0.083846
