0 0.894043 0.724609 0.057617 0.074219
0 0.752930 0.854818 0.054688 0.066406
0 0.226074 0.072917 0.088867 0.119792
0 0.049805 0.538411 0.046875 0.053385
0 0.426758 0.635417 0.037109 0.052083
0 0.155273 0.470052 0.052734 0.062500
0 0.314453 0.397135 0.091797 0.125000
0 0.826660 0.639974 0.034180 0.048177
0 0.475098 0.100260 0.041992 0.062500
0 0.574219 0.566406 0.054688 0.067708
0 0.636230 0.727214 0.038086 0.053385
0 0.831543 0.448568 0.047852 0.061198
0 0.761719 0.782552 0.054688 0.065104
0 0.295898 0.655599 0.029297 0.042969
0 0.641602 0.483073 0.042969 0.057292
0 0.095703 0.178385 0.042969 0.059896
0 0.283203 0.524740 0.037109 0.046875
0 0.039551 0.130859 0.073242 0.100260
0 0.282715 0.119141 0.086914 0.113281
0 0.821777 0.824219 0.071289 0.085938
0 0.375000 0.481120 0.080078 0.097656
0 0.366699 0.064453 0.041992 0.063802
0 0.331543 0.664062 0.045898 0.065104
0 0.795898 0.703776 0.050781 0.079427
0 0.079590 0.402344 0.049805 0.057292
0 0.182129 0.354818 0.049805 0.069010
0 0.332520 0.744141 0.049805 0.063802
0 0.907227 0.470703 0.068359 0.079427
0 0.802246 0.887370 0.049805 0.063802
0 0.679199 0.619792 0.041992 0.049479
0 0.608398 0.443359 0.048828 0.063802
