0 0.088456 0.376000 0.059970 0.034000
0 0.186657 0.184500 0.052474 0.033000
0 0.610945 0.867500 0.067466 0.039000
0 0.152924 0.232500 0.053973 0.035000
0 0.353073 0.862500 0.070465 0.041000
0 0.721889 0.225000 0.043478 0.030000
0 0.716642 0.318500 0.050975 0.029000
0 0.494003 0.847500 0.058471 0.033000
0 0.652174 0.208500 0.062969 0.033000
0 0.544978 0.887500 0.067466 0.039000
0 0.431034 0.828000 0.061469 0.040000
0 0.452024 0.861500 0.043478 0.021000
0 0.515742 0.329000 0.047976 0.032000
0 0.465517 0.923000 0.067466 0.032000
0 0.404798 0.844000 0.074963 0.044000
0 0.129685 0.205500 0.049475 0.037000
0 0.368816 0.886500 0.074963 0.039000
0 0.339580 0.833000 0.058471 0.030000
0 0.604198 0.903500 0.059970 0.035000
0 0.583208 0.848000 0.068966 0.040000
0 0.443778 0.890000 0.071964 0.042000
0 0.368066 0.133500 0.061469 0.041000
0 0.527736 0.859500 0.065967 0.027000
