0 0.768085 0.686170 0.029787 0.044681
0 0.381915 0.551064 0.044681 0.046809
0 0.735106 0.559574 0.031915 0.029787
0 0.288298 0.625532 0.031915 0.029787
0 0.526596 0.658511 0.044681 0.048936
0 0.418085 0.521277 0.044681 0.038298
0 0.328723 0.684043 0.036170 0.031915
0 0.129787 0.520213 0.034043 0.031915
0 0.669149 0.720213 0.044681 0.048936
0 0.238298 0.491489 0.029787 0.029787
0 0.326596 0.635106 0.040426 0.036170
0 0.476596 0.362766 0.029787 0.031915
0 0.955319 0.620213 0.042553 0.031915
0 0.238298 0.535106 0.042553 0.036170
0 0.537234 0.577660 0.040426 0.040426
0 0.353191 0.730851 0.042553 0.036170
0 0.179787 0.840426 0.040426 0.034043
0 0.770213 0.768085 0.038298 0.034043
0 0.256383 0.867021 0.040426 0.040426
0 0.297872 0.708511 0.038298 0.038298
0 0.481915 0.680851 0.036170 0.038298
0 0.180851 0.506383 0.038298 0.038298
0 0.625532 0.663830 0.042553 0.042553
0 0.861702 0.821277 0.034043 0.038298
0 0.826596 0.428723 0.036170 0.036170
0 0.188298 0.669149 0.036170 0.036170
