0 0.903125 0.320000 0.063750 0.110000
0 0.666875 0.753333 0.118750 0.160000
0 0.403750 0.880000 0.132500 0.196667
0 0.533125 0.239167 0.076250 0.108333
0 0.618125 0.176667 0.123750 0.183333
0 0.743750 0.142500 0.120000 0.178333
0 0.351875 0.529167 0.113750 0.165000
0 0.745000 0.331667 0.117500 0.153333
0 0.725625 0.484167 0.113750 0.158333
0 0.458750 0.696667 0.082500 0.156667
0 0.626875 0.391667 0.113750 0.146667
0 0.366875 0.699167 0.148750 0.198333
0 0.636875 0.571667 0.118750 0.163333
0 0.243125 0.547500 0.083750 0.128333
0 0.284375 0.855000 0.113750 0.190000
