0 0.299728 0.565455 0.168937 0.109091
0 0.739782 0.750909 0.198910 0.138182
0 0.505450 0.048182 0.117166 0.085455
0 0.140327 0.547273 0.160763 0.116364
0 0.455041 0.184545 0.158038 0.140000
0 0.594005 0.018182 0.130790 0.032727
0 0.393733 0.693636 0.149864 0.100000
0 0.243869 0.394545 0.133515 0.098182
0 0.581744 0.260909 0.188011 0.118182
0 0.113079 0.679091 0.160763 0.110909
0 0.381471 0.371818 0.196185 0.147273
0 0.570845 0.949091 0.117166 0.069091
0 0.544959 0.704545 0.196185 0.118182
0 0.825613 0.440909 0.158038 0.118182
0 0.577657 0.115455 0.103542 0.063636
0 0.806540 0.629091 0.125341 0.076364
0 0.636240 0.520000 0.106267 0.120000
0 0.900545 0.841818 0.182561 0.130909
0 0.607629 0.864545 0.168937 0.125455
0 0.482289 0.805455 0.174387 0.116364
0 0.535422 0.422727 0.138965 0.092727
0 0.685286 0.408182 0.144414 0.118182
