0 0.143437 0.472441 0.044375 0.048819
0 0.316563 0.443307 0.044375 0.048819
0 0.206563 0.659843 0.044375 0.048819
0 0.403438 0.394488 0.044375 0.048819
0 0.637188 0.459055 0.044375 0.048819
0 0.752188 0.337008 0.044375 0.048819
0 0.335313 0.589764 0.044375 0.048819
0 0.261875 0.370866 0.033750 0.025197
0 0.838438 0.454331 0.044375 0.048819
0 0.604688 0.251575 0.036875 0.049606
0 0.844688 0.414173 0.044375 0.048819
0 0.909062 0.595276 0.044375 0.048819
0 0.804063 0.579528 0.044375 0.048819
0 0.699063 0.266535 0.036875 0.049606
0 0.120938 0.589764 0.044375 0.048819
0 0.890938 0.500000 0.044375 0.048819
0 0.742812 0.624409 0.044375 0.048819
0 0.225000 0.321260 0.038750 0.042520
0 0.255937 0.538976 0.041875 0.046457
0 0.534687 0.322441 0.036875 0.049606
0 0.352813 0.266929 0.044375 0.048819
0 0.784687 0.671654 0.044375 0.048819
0 0.519687 0.617323 0.044375 0.048819
0 0.621563 0.560630 0.044375 0.048819
0 0.449063 0.526772 0.044375 0.048819
0 0.641563 0.335039 0.036875 0.049606
0 0.457188 0.263780 0.044375 0.048819
0 0.692188 0.378346 0.036875 0.049606
0 0.397188 0.660630 0.044375 0.048819
0 0.553438 0.470866 0.044375 0.048819
0 0.444063 0.329921 0.044375 0.048819
