0 0.465625 0.584375 0.106250 0.116667
0 0.606641 0.371354 0.108594 0.132292
0 0.844922 0.549479 0.085156 0.105208
0 0.739453 0.591667 0.111719 0.141667
0 0.753125 0.784375 0.090625 0.129167
0 0.113281 0.941146 0.085938 0.117708
0 0.222656 0.747396 0.082813 0.128125
0 0.726172 0.133333 0.094531 0.112500
0 0.774609 0.958333 0.061719 0.079167
0 0.618359 0.072396 0.097656 0.105208
0 0.318359 0.286458 0.077344 0.097917
0 0.305469 0.447396 0.096875 0.132292
0 0.027344 0.477604 0.053125 0.094792
0 0.800391 0.393750 0.091406 0.108333
0 0.532813 0.222917 0.087500 0.112500
0 0.179688 0.267188 0.076563 0.094792
0 0.530859 0.130729 0.067969 0.069792
0 0.832422 0.955208 0.061719 0.079167
0 0.834766 0.794792 0.097656 0.133333
0 0.201953 0.041146 0.097656 0.080208
0 0.087500 0.301563 0.070312 0.090625
