0 0.666504 0.197248 0.055664 0.073394
0 0.110352 0.058869 0.033203 0.059633
0 0.090332 0.552752 0.051758 0.077982
0 0.154297 0.081040 0.054688 0.070336
0 0.243652 0.837156 0.047852 0.056575
0 0.718750 0.435780 0.054688 0.082569
0 0.767578 0.405963 0.056641 0.090214
0 0.372559 0.024465 0.036133 0.045872
0 0.688965 0.333333 0.053711 0.067278
0 0.195801 0.135321 0.051758 0.081040
0 0.768066 0.685780 0.028320 0.065749
0 0.439453 0.058869 0.042969 0.065749
0 0.190430 0.415902 0.044922 0.064220
0 0.370605 0.217125 0.043945 0.064220
0 0.240234 0.155963 0.041016 0.067278
0 0.029297 0.503058 0.037109 0.064220
0 0.356445 0.155199 0.042969 0.062691
0 0.102051 0.164373 0.036133 0.047401
0 0.078613 0.034404 0.045898 0.062691
0 0.303223 0.178135 0.034180 0.059633
0 0.732422 0.799694 0.048828 0.070336
0 0.417480 0.197248 0.040039 0.073394
