0 0.521667 0.165000 0.086667 0.083333
0 0.530000 0.379583 0.061667 0.055833
0 0.373333 0.393750 0.066667 0.062500
0 0.375417 0.201250 0.077500 0.079167
0 0.266667 0.369583 0.073333 0.060833
0 0.416250 0.345833 0.044167 0.046667
0 0.584167 0.557917 0.060000 0.054167
0 0.209583 0.692500 0.085833 0.068333
0 0.594583 0.446250 0.064167 0.065833
0 0.554167 0.320417 0.071667 0.059167
0 0.293333 0.410000 0.050000 0.041667
0 0.659583 0.489167 0.072500 0.065000
0 0.747083 0.327083 0.092500 0.082500
0 0.547083 0.172917 0.074167 0.077500
0 0.322500 0.182500 0.061667 0.078333
0 0.450833 0.240417 0.071667 0.055833
0 0.281250 0.516667 0.065833 0.051667
0 0.492500 0.309167 0.066667 0.070000
0 0.205417 0.606250 0.077500 0.057500
0 0.654583 0.678750 0.067500 0.057500
0 0.160417 0.539167 0.084167 0.068333
0 0.666250 0.394167 0.080833 0.070000
0 0.385000 0.286667 0.063333 0.060000
0 0.615000 0.083750 0.080000 0.087500
0 0.564167 0.267917 0.073333 0.050833
0 0.336250 0.449167 0.069167 0.053333
0 0.446250 0.325417 0.049167 0.055833
