0 0.808750 0.298129 0.102500 0.095869
0 0.127188 0.577942 0.098125 0.125487
0 0.564375 0.165627 0.095000 0.105222
0 0.415625 0.081839 0.075000 0.090413
0 0.629375 0.164069 0.057500 0.081839
0 0.077813 0.866719 0.084375 0.112237
0 0.329688 0.551052 0.079375 0.093531
0 0.562500 0.415433 0.076250 0.095090
0 0.504375 0.577553 0.098750 0.121590
0 0.596250 0.541309 0.101250 0.122369
0 0.565937 0.067420 0.100625 0.131723
0 0.371563 0.320343 0.095625 0.118472
0 0.256875 0.386984 0.092500 0.111458
0 0.425625 0.629384 0.091250 0.109899
0 0.717500 0.700701 0.063750 0.085737
0 0.322500 0.088854 0.083750 0.107560
0 0.317500 0.813718 0.080000 0.104443
0 0.193750 0.648090 0.082500 0.114575
0 0.181250 0.211224 0.095000 0.129384
0 0.095625 0.183554 0.076250 0.108340
0 0.709063 0.402182 0.099375 0.126267
0 0.370938 0.385814 0.089375 0.084178
0 0.124688 0.437646 0.085625 0.102104
0 0.255312 0.248636 0.086875 0.104443
0 0.141563 0.299688 0.089375 0.117693
0 0.831875 0.745908 0.091250 0.104443
0 0.835625 0.130164 0.116250 0.144973
0 0.662188 0.605222 0.073125 0.075604
0 0.726250 0.112627 0.111250 0.139517
0 0.742500 0.218239 0.095000 0.124708
