0 0.916016 0.768880 0.064453 0.079427
0 0.744629 0.521484 0.059570 0.082031
0 0.483887 0.430339 0.061523 0.084635
0 0.292480 0.122396 0.053711 0.075521
0 0.648926 0.688802 0.055664 0.078125
0 0.542480 0.447917 0.051758 0.070312
0 0.224609 0.285807 0.062500 0.071615
0 0.403320 0.337891 0.050781 0.066406
0 0.712891 0.837891 0.058594 0.079427
0 0.378906 0.695312 0.037109 0.052083
0 0.481934 0.509115 0.069336 0.078125
0 0.624512 0.382812 0.057617 0.067708
0 0.282715 0.464193 0.071289 0.082031
0 0.125000 0.462891 0.050781 0.076823
0 0.863770 0.791016 0.059570 0.076823
0 0.928711 0.666016 0.060547 0.084635
0 0.814941 0.158854 0.026367 0.044271
0 0.474121 0.134766 0.063477 0.055990
0 0.210449 0.720052 0.055664 0.070312
0 0.086914 0.149740 0.060547 0.075521
0 0.883789 0.886719 0.052734 0.078125
0 0.297852 0.682943 0.054688 0.055990
0 0.291992 0.124349 0.054688 0.071615
0 0.369629 0.614583 0.059570 0.080729
0 0.164551 0.763021 0.043945 0.072917
0 0.222168 0.353516 0.063477 0.082031
0 0.026367 0.910807 0.046875 0.061198
0 0.165527 0.846354 0.051758 0.065104
0 0.162598 0.319661 0.043945 0.053385
0 0.282715 0.303385 0.049805 0.075521
0 0.335449 0.884766 0.053711 0.066406
0 0.545410 0.566406 0.059570 0.070312
0 0.109863 0.216146 0.059570 0.059896
0 0.710449 0.750000 0.053711 0.070312
