0 0.598711 0.369531 0.158172 0.112500
0 0.113064 0.545117 0.112478 0.079297
0 0.753076 0.377344 0.101347 0.073438
0 0.162273 0.683594 0.155829 0.086719
0 0.066784 0.464453 0.132396 0.097656
0 0.802285 0.573242 0.123609 0.091797
0 0.297891 0.444922 0.169303 0.105469
0 0.854130 0.960938 0.089045 0.076563
0 0.584066 0.768945 0.162859 0.100391
0 0.456063 0.500195 0.163445 0.096484
0 0.577914 0.580273 0.152900 0.099609
0 0.663445 0.666406 0.166960 0.100781
0 0.450498 0.404492 0.162859 0.107422
0 0.660223 0.460156 0.158172 0.100781
0 0.684534 0.555273 0.142355 0.102734
0 0.410662 0.838867 0.161687 0.101953
0 0.783245 0.464844 0.117165 0.082031
0 0.724370 0.757031 0.127124 0.100781
0 0.256591 0.350195 0.142941 0.099609
0 0.787639 0.664062 0.101347 0.086719
0 0.691564 0.248828 0.157586 0.105469
0 0.243702 0.527539 0.142941 0.093359
0 0.911834 0.121680 0.107206 0.093359
0 0.264206 0.825195 0.140598 0.093359
0 0.372876 0.091406 0.168131 0.107031
0 0.717926 0.103125 0.155243 0.113281
0 0.789690 0.959961 0.210896 0.076953
