0 0.446250 0.616667 0.020000 0.060000
0 0.169687 0.467500 0.018125 0.068333
0 0.410000 0.737500 0.020000 0.055000
0 0.335313 0.585833 0.018125 0.051667
0 0.508125 0.200833 0.022500 0.055000
0 0.259063 0.600833 0.024375 0.051667
0 0.307812 0.596667 0.019375 0.040000
0 0.452500 0.433333 0.022500 0.046667
0 0.347813 0.423333 0.023125 0.060000
0 0.135938 0.540000 0.021875 0.040000
0 0.496875 0.620833 0.017500 0.045000
0 0.134063 0.490000 0.020625 0.053333
0 0.393125 0.712500 0.017500 0.058333
0 0.428438 0.359167 0.019375 0.061667
0 0.485000 0.185833 0.018750 0.061667
0 0.257188 0.197500 0.020625 0.041667
0 0.224688 0.247500 0.016875 0.041667
0 0.307188 0.353333 0.016875 0.043333
