0 0.563802 0.057491 0.114583 0.111498
0 0.663411 0.048780 0.092448 0.094077
0 0.835938 0.067944 0.101562 0.132404
0 0.949870 0.291812 0.092448 0.095819
0 0.254557 0.759582 0.097656 0.135889
0 0.166016 0.437282 0.089844 0.132404
0 0.150391 0.810105 0.113281 0.139373
0 0.934896 0.205575 0.109375 0.135889
0 0.460938 0.459930 0.109375 0.135889
0 0.967448 0.800523 0.062500 0.144599
0 0.741536 0.065331 0.097656 0.123693
0 0.272786 0.831010 0.100260 0.118467
0 0.463542 0.555749 0.109375 0.108014
0 0.558594 0.475610 0.109375 0.139373
0 0.616536 0.389373 0.108073 0.165505
0 0.222005 0.402439 0.110677 0.128920
0 0.327474 0.114111 0.055990 0.109756
