0 0.216309 0.774232 0.108398 0.132388
0 0.965820 0.576241 0.056641 0.091017
0 0.851562 0.660757 0.091797 0.118203
0 0.866699 0.778369 0.086914 0.105201
0 0.613281 0.615248 0.078125 0.131206
0 0.775391 0.593381 0.095703 0.101655
0 0.477539 0.491726 0.105469 0.125296
0 0.386719 0.468085 0.101562 0.130024
0 0.598145 0.484043 0.100586 0.119385
0 0.699219 0.776596 0.078125 0.056738
0 0.626465 0.835106 0.077148 0.100473
0 0.687988 0.835106 0.061523 0.062648
0 0.485840 0.934397 0.122070 0.121749
0 0.526855 0.589835 0.112305 0.130024
0 0.349609 0.844563 0.107422 0.126478
