0 0.537143 0.408898 0.091429 0.173729
0 0.297143 0.099576 0.085714 0.131356
0 0.202857 0.896186 0.085714 0.131356
0 0.094286 0.502119 0.085714 0.131356
0 0.242857 0.197034 0.085714 0.131356
0 0.060000 0.845339 0.085714 0.131356
0 0.291429 0.319915 0.085714 0.131356
0 0.102857 0.286017 0.085714 0.131356
0 0.080000 0.663136 0.085714 0.131356
0 0.308571 0.552966 0.085714 0.131356
0 0.237143 0.430085 0.085714 0.131356
0 0.334286 0.209746 0.085714 0.131356
0 0.640000 0.417373 0.085714 0.131356
0 0.202857 0.307203 0.085714 0.131356
