0 0.430538 0.575506 0.040050 0.068140
0 0.493116 0.392265 0.055069 0.073665
0 0.882353 0.856354 0.060075 0.081031
0 0.869212 0.779926 0.061327 0.082873
0 0.503755 0.616943 0.051314 0.066298
0 0.884856 0.474217 0.065081 0.101289
0 0.385482 0.548803 0.042553 0.069982
0 0.468085 0.586556 0.040050 0.068140
0 0.795369 0.510129 0.063830 0.092081
0 0.493116 0.307551 0.055069 0.073665
0 0.839800 0.430018 0.065081 0.101289
0 0.837922 0.704420 0.076345 0.104972
0 0.768461 0.437385 0.065081 0.101289
0 0.937422 0.421731 0.065081 0.092081
0 0.625782 0.510129 0.057572 0.081031
