0 0.136250 0.387778 0.040833 0.046667
0 0.221250 0.432778 0.027500 0.045556
0 0.185417 0.713333 0.045833 0.064444
0 0.167917 0.479444 0.044167 0.036667
0 0.134583 0.458333 0.045833 0.058889
0 0.156250 0.776667 0.042500 0.066667
0 0.189583 0.439444 0.044167 0.056667
0 0.225417 0.676667 0.055833 0.062222
0 0.218333 0.387778 0.035000 0.046667
0 0.231667 0.737222 0.050000 0.058889
0 0.107500 0.471111 0.035000 0.044444
0 0.138750 0.740556 0.032500 0.038889
0 0.190417 0.382222 0.030833 0.048889
0 0.133750 0.687222 0.050833 0.067778
0 0.192083 0.779444 0.054167 0.072222
0 0.173750 0.403333 0.037500 0.042222
0 0.192917 0.647778 0.047500 0.062222
