0 0.848500 0.184408 0.045000 0.065967
0 0.287500 0.879310 0.041000 0.058471
0 0.643000 0.254873 0.046000 0.068966
0 0.346000 0.272864 0.044000 0.062969
0 0.337000 0.841079 0.058000 0.086957
0 0.389500 0.430285 0.039000 0.059970
0 0.505500 0.364318 0.035000 0.053973
0 0.400000 0.885307 0.040000 0.058471
0 0.611500 0.559220 0.041000 0.059970
0 0.346000 0.221139 0.034000 0.043478
0 0.527500 0.404798 0.033000 0.056972
0 0.411000 0.781109 0.062000 0.086957
0 0.957000 0.131184 0.082000 0.118441
0 0.483500 0.448276 0.029000 0.047976
0 0.432500 0.425787 0.027000 0.050975
0 0.649500 0.531484 0.047000 0.070465
0 0.458500 0.252624 0.033000 0.067466
0 0.468000 0.098951 0.054000 0.095952
0 0.541500 0.815592 0.055000 0.089955
0 0.356000 0.407796 0.036000 0.050975
0 0.038500 0.286357 0.041000 0.047976
