0 0.204042 0.088727 0.037810 0.060543
0 0.431551 0.092902 0.036506 0.068894
0 0.815515 0.574113 0.035202 0.054280
0 0.132334 0.145094 0.029987 0.048017
0 0.097132 0.194154 0.022164 0.033403
0 0.749674 0.290188 0.039113 0.062630
0 0.636897 0.465553 0.037810 0.045929
0 0.659061 0.329854 0.037810 0.054280
0 0.779661 0.326722 0.033898 0.056367
0 0.497392 0.174322 0.037810 0.056367
0 0.579531 0.451983 0.040417 0.060543
0 0.094524 0.565762 0.019557 0.041754
0 0.245111 0.280793 0.049544 0.077244
0 0.578227 0.522965 0.037810 0.060543
0 0.782269 0.391441 0.028683 0.043841
0 0.378096 0.167015 0.033898 0.058455
0 0.139505 0.350731 0.026076 0.041754
0 0.600391 0.149269 0.032595 0.056367
0 0.024772 0.463466 0.023468 0.029228
0 0.894394 0.644050 0.031291 0.052192
0 0.578227 0.623173 0.037810 0.056367
0 0.802477 0.505219 0.035202 0.054280
0 0.692308 0.407098 0.041721 0.050104
0 0.509778 0.125261 0.044329 0.075157
0 0.550847 0.489562 0.043025 0.060543
0 0.579531 0.348643 0.035202 0.045929
0 0.868970 0.511482 0.037810 0.045929
0 0.606258 0.737996 0.031291 0.056367
0 0.683181 0.039666 0.041721 0.066806
0 0.602999 0.665971 0.037810 0.054280
0 0.739896 0.074113 0.027379 0.043841
0 0.274446 0.083507 0.037810 0.054280
0 0.860495 0.643006 0.031291 0.054280
0 0.870274 0.557411 0.035202 0.045929
0 0.685137 0.313152 0.027379 0.054280
0 0.602999 0.397704 0.029987 0.039666
0 0.818774 0.444676 0.033898 0.045929
0 0.863103 0.702505 0.036506 0.060543
0 0.606910 0.798539 0.035202 0.060543
0 0.899609 0.693111 0.036506 0.062630
0 0.114081 0.414405 0.037810 0.048017
