0 0.314516 0.838164 0.048387 0.067633
0 0.576613 0.717391 0.050000 0.072464
0 0.463710 0.929952 0.040323 0.062802
0 0.725806 0.208937 0.041935 0.074879
0 0.349194 0.225845 0.056452 0.079710
0 0.641129 0.615942 0.033871 0.067633
0 0.192742 0.596618 0.046774 0.067633
0 0.945161 0.632850 0.051613 0.072464
0 0.032258 0.392512 0.058065 0.079710
0 0.981452 0.352657 0.033871 0.072464
0 0.692742 0.626812 0.037097 0.060386
0 0.352419 0.152174 0.056452 0.082126
0 0.626613 0.678744 0.040323 0.033816
0 0.739516 0.410628 0.050000 0.067633
0 0.485484 0.692029 0.048387 0.070048
0 0.459677 0.727053 0.045161 0.043478
0 0.816935 0.671498 0.050000 0.077295
0 0.691129 0.253623 0.053226 0.077295
0 0.940323 0.329710 0.045161 0.079710
0 0.966129 0.683575 0.041935 0.062802
0 0.244355 0.409420 0.053226 0.065217
0 0.951613 0.266908 0.051613 0.079710
0 0.766935 0.259662 0.040323 0.079710
0 0.838710 0.294686 0.054839 0.086957
0 0.135484 0.394928 0.038710 0.079710
0 0.789516 0.588164 0.046774 0.074879
0 0.284677 0.725845 0.037097 0.070048
0 0.629839 0.364734 0.046774 0.077295
0 0.770968 0.677536 0.041935 0.074879
0 0.888710 0.637681 0.045161 0.067633
0 0.029839 0.471014 0.053226 0.077295
0 0.320161 0.888889 0.050000 0.048309
0 0.258871 0.594203 0.050000 0.062802
0 0.321774 0.716184 0.037097 0.060386
0 0.439516 0.864734 0.040323 0.062802
0 0.081452 0.368357 0.046774 0.089372
