0 0.028723 0.179569 0.053191 0.074873
0 0.039362 0.814086 0.044681 0.072335
0 0.146809 0.337563 0.053191 0.045685
0 0.026596 0.413706 0.044681 0.058376
0 0.224468 0.575508 0.040426 0.064721
0 0.384043 0.556472 0.034043 0.057107
0 0.088830 0.831853 0.045745 0.069797
0 0.276596 0.493020 0.051064 0.062183
0 0.213830 0.418147 0.046809 0.057107
0 0.134574 0.418782 0.050000 0.055838
0 0.178191 0.560914 0.041489 0.048223
0 0.167553 0.272843 0.069149 0.083756
0 0.338830 0.578046 0.060638 0.085025
0 0.060638 0.732234 0.057447 0.065990
0 0.143617 0.803299 0.040426 0.065990
0 0.306383 0.699873 0.061702 0.069797
