0 0.662917 0.144904 0.035833 0.060510
0 0.934583 0.630573 0.042500 0.076433
0 0.442083 0.819268 0.024167 0.042994
0 0.857500 0.433121 0.033333 0.054140
0 0.893333 0.313694 0.035000 0.073248
0 0.695000 0.477707 0.023333 0.035032
0 0.469167 0.615446 0.028333 0.046178
0 0.938333 0.736465 0.030000 0.065287
0 0.455417 0.688694 0.024167 0.042994
0 0.884167 0.515127 0.041667 0.068471
0 0.773750 0.554140 0.034167 0.066879
0 0.745417 0.964968 0.025833 0.054140
0 0.833750 0.626592 0.037500 0.058917
0 0.469167 0.780255 0.030000 0.050955
0 0.932083 0.382962 0.030833 0.058917
0 0.417917 0.720541 0.024167 0.042994
0 0.862083 0.188694 0.035833 0.058917
0 0.458333 0.719745 0.028333 0.047771
0 0.516667 0.702229 0.028333 0.047771
0 0.737500 0.325637 0.035000 0.055732
0 0.746250 0.707006 0.030833 0.060510
0 0.705417 0.820064 0.030833 0.063694
0 0.729167 0.456210 0.026667 0.049363
0 0.670417 0.738057 0.024167 0.052548
0 0.570000 0.794586 0.026667 0.047771
0 0.508750 0.599522 0.024167 0.039809
0 0.501667 0.634554 0.028333 0.046178
0 0.502917 0.764331 0.029167 0.047771
0 0.857500 0.383758 0.023333 0.041401
0 0.560833 0.673567 0.021667 0.044586
0 0.780417 0.467357 0.029167 0.055732
0 0.814583 0.979299 0.032500 0.038217
0 0.694583 0.882166 0.024167 0.050955
0 0.484583 0.244427 0.292500 0.460191
0 0.888750 0.353503 0.035833 0.054140
0 0.531250 0.676752 0.019167 0.041401
0 0.744167 0.877389 0.023333 0.054140
0 0.670000 0.570064 0.026667 0.050955
0 0.967917 0.735669 0.034167 0.070064
0 0.697500 0.960987 0.031667 0.055732
0 0.484583 0.717357 0.024167 0.042994
0 0.844583 0.253185 0.034167 0.057325
