0 0.793440 0.783688 0.101064 0.088652
0 0.355496 0.316489 0.079787 0.079787
0 0.389184 0.578901 0.079787 0.079787
0 0.386525 0.088652 0.081560 0.081560
0 0.367908 0.424645 0.079787 0.079787
0 0.363475 0.223404 0.078014 0.070922
0 0.348404 0.497340 0.079787 0.079787
0 0.426418 0.158688 0.076241 0.069149
0 0.340426 0.112589 0.049645 0.062057
0 0.872340 0.791667 0.070922 0.076241
0 0.679078 0.764184 0.088652 0.081560
0 0.742908 0.742908 0.070922 0.060284
0 0.428191 0.259752 0.065603 0.072695
0 0.424645 0.353723 0.079787 0.079787
0 0.424645 0.511525 0.079787 0.079787
