0 0.146667 0.201250 0.086667 0.167500
0 0.962500 0.237500 0.071667 0.120000
0 0.560833 0.583750 0.071667 0.112500
0 0.686667 0.498750 0.073333 0.112500
0 0.936667 0.636250 0.050000 0.072500
0 0.834167 0.706250 0.041667 0.077500
0 0.278333 0.801250 0.076667 0.112500
0 0.252500 0.601250 0.115000 0.152500
0 0.243333 0.690000 0.083333 0.105000
0 0.228333 0.186250 0.136667 0.212500
0 0.780000 0.151250 0.080000 0.092500
0 0.881667 0.693750 0.050000 0.072500
0 0.775000 0.582500 0.063333 0.095000
0 0.711667 0.625000 0.063333 0.080000
0 0.523333 0.852500 0.056667 0.075000
0 0.598333 0.942500 0.040000 0.060000
0 0.171667 0.372500 0.136667 0.165000
0 0.904167 0.110000 0.051667 0.080000
