0 0.274286 0.805139 0.082857 0.115632
0 0.796429 0.643469 0.132857 0.182013
0 0.299286 0.174518 0.087143 0.139186
0 0.257857 0.528908 0.092857 0.158458
0 0.765000 0.788009 0.107143 0.149893
0 0.717143 0.173448 0.057143 0.128480
0 0.332143 0.396146 0.090000 0.119914
0 0.110000 0.142398 0.085714 0.109208
0 0.643571 0.532120 0.121429 0.182013
0 0.810000 0.147752 0.114286 0.171306
0 0.187857 0.565310 0.081429 0.124197
0 0.685000 0.367238 0.098571 0.164882
0 0.513571 0.253747 0.092857 0.173448
0 0.447143 0.902570 0.094286 0.147752
0 0.314286 0.690578 0.114286 0.186296
0 0.140000 0.466809 0.102857 0.145610
0 0.790000 0.402570 0.105714 0.171306
0 0.430714 0.711991 0.124286 0.199143
0 0.211429 0.161670 0.105714 0.160600
0 0.482857 0.456103 0.105714 0.162741
0 0.546429 0.568522 0.072857 0.147752
0 0.591429 0.445396 0.082857 0.128480
0 0.369286 0.115632 0.075714 0.128480
0 0.651429 0.116702 0.085714 0.147752
0 0.260000 0.310493 0.080000 0.141328
0 0.526429 0.687366 0.078571 0.149893
0 0.743571 0.486081 0.104286 0.107066
0 0.617143 0.643469 0.108571 0.173448
0 0.143571 0.761242 0.121429 0.186296
0 0.863571 0.285867 0.101429 0.177730
0 0.192857 0.311563 0.077143 0.147752
0 0.355714 0.492505 0.102857 0.162741
0 0.580000 0.187366 0.077143 0.117773
