0 0.220703 0.214097 0.042969 0.064559
0 0.191895 0.233860 0.047852 0.059289
0 0.188477 0.117918 0.046875 0.061924
0 0.525391 0.277339 0.044922 0.048748
0 0.528320 0.470356 0.042969 0.052701
0 0.489258 0.608037 0.052734 0.072464
0 0.560059 0.756258 0.049805 0.065876
0 0.524902 0.623847 0.036133 0.054018
0 0.225586 0.256258 0.041016 0.048748
0 0.377441 0.459157 0.047852 0.059289
0 0.098633 0.096838 0.046875 0.054018
0 0.041504 0.309618 0.043945 0.057971
0 0.605469 0.489460 0.046875 0.061924
0 0.430176 0.284585 0.043945 0.057971
