0 0.856260 0.831439 0.108192 0.104798
0 0.500000 0.842172 0.088099 0.095960
0 0.932767 0.783460 0.088099 0.087121
0 0.516229 0.400884 0.111283 0.089646
0 0.139104 0.920455 0.111283 0.101010
0 0.763524 0.833333 0.080371 0.068182
0 0.308346 0.856692 0.100464 0.089646
0 0.168470 0.486742 0.114374 0.097222
0 0.663833 0.566288 0.085008 0.064394
0 0.484544 0.105429 0.088099 0.054293
0 0.675425 0.630051 0.105100 0.093434
0 0.248068 0.948864 0.115920 0.089646
0 0.261206 0.537247 0.114374 0.097222
0 0.787481 0.970328 0.097372 0.056818
0 0.421175 0.781566 0.146832 0.116162
0 0.265070 0.693813 0.122102 0.102273
