0 0.103676 0.645098 0.186765 0.270588
0 0.839706 0.597059 0.223529 0.292157
0 0.792647 0.040196 0.182353 0.076471
0 0.782353 0.198039 0.241176 0.329412
0 0.627941 0.806863 0.220588 0.303922
0 0.607353 0.105882 0.214706 0.207843
0 0.100000 0.377451 0.173529 0.260784
0 0.316176 0.185294 0.161765 0.276471
0 0.286029 0.505882 0.183824 0.180392
0 0.202941 0.312745 0.229412 0.296078
0 0.816176 0.862745 0.205882 0.254902
0 0.200000 0.881373 0.202941 0.229412
0 0.411029 0.857843 0.227941 0.260784
0 0.644118 0.480392 0.202941 0.286275
0 0.461029 0.412745 0.186765 0.205882
0 0.263971 0.700980 0.230882 0.292157
0 0.075000 0.118627 0.147059 0.233333
0 0.892647 0.394118 0.205882 0.258824
0 0.469853 0.200000 0.213235 0.313725
0 0.541176 0.621569 0.211765 0.294118
