0 0.200694 0.474609 0.309722 0.171094
0 0.084028 0.385547 0.165278 0.172656
0 0.095139 0.063281 0.187500 0.121875
0 0.531250 0.411328 0.326389 0.167969
0 0.109028 0.189844 0.215278 0.210938
0 0.197917 0.905859 0.326389 0.178906
0 0.148611 0.676172 0.294444 0.192969
0 0.331944 0.112891 0.338889 0.207031
0 0.661111 0.058594 0.238889 0.109375
0 0.250694 0.316406 0.334722 0.171875
0 0.670139 0.177344 0.254167 0.157813
0 0.902083 0.055859 0.195833 0.110156
0 0.834028 0.308203 0.323611 0.205469
0 0.229861 0.767969 0.284722 0.117188
0 0.626389 0.585156 0.338889 0.203125
0 0.426389 0.671875 0.261111 0.184375
0 0.687500 0.738672 0.308333 0.177344
0 0.486111 0.082422 0.208333 0.163281
0 0.925694 0.678906 0.148611 0.154688
0 0.828472 0.904688 0.337500 0.181250
0 0.929167 0.133594 0.141667 0.171875
0 0.901389 0.781641 0.197222 0.135156
0 0.471528 0.862500 0.304167 0.195312
0 0.772222 0.507812 0.277778 0.182813
0 0.453472 0.262500 0.262500 0.145313
