0 0.279167 0.748750 0.471667 0.340000
0 0.763333 0.929375 0.336667 0.133750
0 0.463333 0.928125 0.353333 0.141250
0 0.301667 0.155000 0.353333 0.247500
0 0.765833 0.246875 0.305000 0.241250
0 0.547500 0.259375 0.181667 0.208750
0 0.274167 0.378750 0.361667 0.235000
0 0.679167 0.738750 0.351667 0.267500
0 0.892500 0.795625 0.198333 0.233750
0 0.105000 0.074375 0.206667 0.146250
0 0.908333 0.590625 0.183333 0.218750
0 0.090833 0.255000 0.178333 0.252500
0 0.475000 0.491250 0.470000 0.337500
0 0.602500 0.087500 0.301667 0.172500
0 0.088333 0.530000 0.173333 0.255000
0 0.873333 0.090625 0.250000 0.178750
0 0.725833 0.490625 0.308333 0.271250
0 0.715000 0.179375 0.540000 0.356250
