0 0.741016 0.893750 0.163281 0.187500
0 0.101562 0.378646 0.198438 0.296875
0 0.555078 0.810937 0.182031 0.192708
0 0.780469 0.501563 0.221875 0.278125
0 0.419531 0.895833 0.160938 0.200000
0 0.907031 0.158333 0.134375 0.170833
0 0.699609 0.177083 0.199219 0.266667
0 0.125000 0.065104 0.207813 0.128125
0 0.267578 0.839583 0.205469 0.287500
0 0.234766 0.575000 0.199219 0.262500
0 0.325000 0.365625 0.134375 0.172917
0 0.810547 0.067708 0.161719 0.131250
0 0.244141 0.215625 0.191406 0.260417
0 0.076953 0.591667 0.149219 0.225000
0 0.243750 0.420312 0.140625 0.161458
0 0.446094 0.443229 0.184375 0.221875
0 0.438281 0.205729 0.209375 0.273958
0 0.822266 0.245833 0.183594 0.252083
0 0.407031 0.639062 0.151563 0.207292
0 0.885938 0.791146 0.170313 0.213542
0 0.549609 0.613021 0.196094 0.276042
0 0.108203 0.811458 0.169531 0.241667
0 0.095703 0.193229 0.132031 0.151042
0 0.516406 0.081771 0.175000 0.155208
0 0.714063 0.692708 0.184375 0.239583
0 0.614063 0.372396 0.185938 0.251042
0 0.891406 0.587500 0.150000 0.241667
