0 0.529262 0.656168 0.122137 0.136483
0 0.330789 0.355643 0.111959 0.102362
0 0.048346 0.633858 0.086514 0.128609
0 0.764631 0.430446 0.119593 0.110236
0 0.501272 0.329396 0.101781 0.086614
0 0.417303 0.485564 0.122137 0.094488
0 0.044529 0.375328 0.078880 0.078740
0 0.673028 0.729659 0.129771 0.110236
0 0.688295 0.383202 0.094148 0.089239
0 0.650127 0.611549 0.150127 0.152231
0 0.117048 0.459318 0.106870 0.083990
0 0.234097 0.573491 0.117048 0.139108
0 0.120865 0.381890 0.104326 0.102362
0 0.435115 0.562992 0.111959 0.118110
0 0.192112 0.325459 0.089059 0.094488
0 0.496183 0.820210 0.147583 0.149606
0 0.893130 0.856955 0.137405 0.149606
0 0.835878 0.709974 0.165394 0.149606
0 0.882952 0.362205 0.122137 0.120735
0 0.124682 0.555118 0.117048 0.102362
0 0.903308 0.526247 0.132316 0.128609
0 0.368957 0.779528 0.106870 0.125984
0 0.595420 0.950131 0.142494 0.083990
0 0.736641 0.825459 0.180662 0.154856
0 0.802799 0.944882 0.150127 0.099738
0 0.409669 0.313648 0.101781 0.102362
0 0.779898 0.540682 0.134860 0.136483
0 0.249364 0.717848 0.137405 0.133858
0 0.421120 0.938320 0.124682 0.118110
0 0.054707 0.839895 0.104326 0.141732
0 0.283715 0.918635 0.139949 0.157480
0 0.162850 0.872703 0.111959 0.123360
0 0.581425 0.271654 0.099237 0.086614
0 0.082697 0.938320 0.145038 0.097113
0 0.047074 0.526247 0.083969 0.081365
0 0.142494 0.657480 0.137405 0.123360
0 0.498728 0.426509 0.122137 0.102362
0 0.279898 0.832021 0.122137 0.078740
0 0.311705 0.475066 0.114504 0.115486
0 0.033079 0.454068 0.061069 0.073491
0 0.426209 0.216535 0.099237 0.097113
0 0.652672 0.488189 0.119593 0.125984
0 0.582697 0.362205 0.117048 0.104987
0 0.889313 0.649606 0.145038 0.144357
0 0.360051 0.644357 0.150127 0.160105
