0 0.257031 0.144792 0.160938 0.147917
0 0.632812 0.741667 0.268750 0.370833
0 0.096094 0.891667 0.182813 0.212500
0 0.909375 0.738542 0.178125 0.381250
0 0.096094 0.690625 0.189063 0.289583
0 0.060938 0.434375 0.115625 0.239583
0 0.750781 0.246875 0.148438 0.164583
0 0.192188 0.313542 0.259375 0.310417
0 0.507031 0.394792 0.307813 0.389583
0 0.817969 0.378125 0.226562 0.289583
0 0.902344 0.155208 0.182813 0.239583
0 0.730469 0.542708 0.245313 0.322917
0 0.936719 0.389583 0.117188 0.229167
0 0.473438 0.134375 0.106250 0.106250
0 0.682813 0.117708 0.153125 0.197917
0 0.356250 0.306250 0.112500 0.216667
0 0.264844 0.563542 0.267188 0.327083
0 0.383594 0.822917 0.292187 0.337500
0 0.094531 0.134375 0.151563 0.110417
