0 0.864085 0.679511 0.074648 0.095865
0 0.266901 0.557331 0.074648 0.054511
0 0.831690 0.774436 0.088732 0.101504
0 0.726056 0.670113 0.074648 0.095865
0 0.030282 0.761278 0.057746 0.060150
0 0.748592 0.747180 0.074648 0.095865
0 0.630986 0.782895 0.076056 0.095865
0 0.314789 0.523496 0.069014 0.069549
0 0.618310 0.642857 0.070423 0.082707
0 0.053521 0.684211 0.070423 0.082707
0 0.890845 0.823308 0.088732 0.101504
0 0.043662 0.529135 0.053521 0.065789
0 0.780986 0.894737 0.088732 0.101504
0 0.023239 0.587406 0.043662 0.069549
0 0.057746 0.611842 0.045070 0.058271
0 0.374648 0.648496 0.073239 0.078947
0 0.240845 0.765977 0.073239 0.065789
0 0.697183 0.591165 0.067606 0.080827
0 0.237324 0.680451 0.071831 0.097744
0 0.947183 0.326128 0.057746 0.065789
0 0.630986 0.786654 0.076056 0.095865
0 0.349296 0.597744 0.073239 0.078947
0 0.828169 0.606203 0.070423 0.058271
0 0.501408 0.795113 0.070423 0.082707
0 0.797887 0.658835 0.074648 0.095865
0 0.183099 0.601504 0.067606 0.093985
0 0.723239 0.830827 0.088732 0.101504
0 0.032394 0.765038 0.059155 0.060150
0 0.211268 0.526316 0.067606 0.093985
0 0.304930 0.703947 0.083099 0.095865
0 0.735211 0.617481 0.070423 0.058271
0 0.387324 0.550752 0.073239 0.078947
0 0.272535 0.492481 0.063380 0.075188
0 0.654930 0.863722 0.067606 0.080827
0 0.128169 0.676692 0.078873 0.101504
0 0.179577 0.728383 0.071831 0.092105
0 0.097887 0.731203 0.080282 0.063910
0 0.676056 0.690789 0.067606 0.080827
0 0.538028 0.646617 0.070423 0.082707
0 0.097887 0.562030 0.066197 0.063910
0 0.248592 0.608083 0.069014 0.069549
0 0.697183 0.913534 0.090141 0.101504
0 0.570423 0.835526 0.095775 0.107143
0 0.630986 0.582707 0.070423 0.082707
0 0.924648 0.734023 0.054930 0.073308
0 0.547887 0.723684 0.070423 0.082707
