0 0.761574 0.660373 0.342593 0.240017
0 0.697917 0.930122 0.296296 0.126736
0 0.411748 0.034071 0.263310 0.067274
0 0.680845 0.048177 0.244792 0.095486
0 0.320891 0.284505 0.259838 0.180122
0 0.828704 0.425998 0.342593 0.240017
0 0.224826 0.455729 0.309606 0.207465
0 0.520255 0.520182 0.378472 0.289497
0 0.407118 0.132161 0.259838 0.180122
0 0.692708 0.162977 0.259259 0.171441
0 0.534722 0.792535 0.285880 0.227431
0 0.249711 0.933160 0.360532 0.125868
0 0.482350 0.274740 0.132523 0.142361
0 0.335069 0.696615 0.285880 0.227431
0 0.081597 0.581597 0.162037 0.197917
0 0.133681 0.766927 0.219907 0.194444
0 0.853588 0.112196 0.274306 0.187066
0 0.088831 0.047526 0.176505 0.094184
0 0.157697 0.172960 0.259838 0.180122
0 0.623553 0.291450 0.264468 0.188802
