0 0.764706 0.248039 0.173529 0.198039
0 0.908824 0.227451 0.144118 0.172549
0 0.636029 0.086275 0.127941 0.160784
0 0.395588 0.326471 0.214706 0.268627
0 0.585294 0.846078 0.235294 0.292157
0 0.929412 0.612745 0.141176 0.264706
0 0.269853 0.460784 0.192647 0.250980
0 0.833088 0.881373 0.225000 0.217647
0 0.158088 0.289216 0.201471 0.300000
0 0.794853 0.674510 0.210294 0.266667
0 0.589706 0.566667 0.214706 0.270588
0 0.905147 0.404902 0.180882 0.249020
0 0.462500 0.168627 0.172059 0.203922
0 0.596324 0.267647 0.180882 0.249020
0 0.721324 0.430392 0.195588 0.260784
0 0.238235 0.832353 0.235294 0.296078
0 0.374265 0.653922 0.207353 0.276471
0 0.083088 0.555882 0.163235 0.256863
0 0.163235 0.707843 0.182353 0.231373
0 0.287500 0.092157 0.160294 0.180392
0 0.902206 0.122549 0.133824 0.147059
