0 0.539617 0.487755 0.196721 0.269388
0 0.790301 0.565306 0.209016 0.265306
0 0.765027 0.235714 0.169399 0.206122
0 0.260246 0.620408 0.258197 0.318367
0 0.154372 0.192857 0.158470 0.197959
0 0.864071 0.091837 0.154372 0.167347
0 0.674863 0.381633 0.177596 0.273469
0 0.920765 0.235714 0.153005 0.214286
0 0.551230 0.247959 0.146175 0.202041
0 0.303962 0.104082 0.173497 0.204082
0 0.289617 0.273469 0.161202 0.220408
0 0.422131 0.302041 0.177596 0.273469
0 0.840164 0.388776 0.169399 0.206122
0 0.528005 0.751020 0.200820 0.310204
0 0.120219 0.344898 0.169399 0.240816
0 0.594262 0.129592 0.153005 0.197959
0 0.661202 0.701020 0.169399 0.267347
0 0.366803 0.801020 0.271858 0.361224
