0 0.287109 0.378906 0.113281 0.148438
0 0.378906 0.544271 0.128906 0.166667
0 0.380859 0.259115 0.113281 0.148438
0 0.816406 0.729167 0.132812 0.171875
0 0.934570 0.652344 0.123047 0.200521
0 0.167969 0.313802 0.093750 0.132812
0 0.034180 0.488281 0.064453 0.132812
0 0.693359 0.165365 0.093750 0.117188
0 0.945312 0.842448 0.109375 0.190104
0 0.492188 0.609375 0.132812 0.171875
0 0.302734 0.665365 0.144531 0.179688
0 0.680664 0.311198 0.115234 0.127604
0 0.047852 0.382812 0.091797 0.130208
0 0.797852 0.410156 0.142578 0.169271
0 0.138672 0.438802 0.113281 0.127604
0 0.084961 0.213542 0.083984 0.125000
0 0.126953 0.115885 0.085938 0.101562
0 0.413086 0.748698 0.138672 0.179688
0 0.617188 0.096354 0.082031 0.104167
0 0.660156 0.588542 0.132812 0.171875
0 0.370117 0.045573 0.087891 0.085938
0 0.047852 0.884115 0.091797 0.190104
0 0.546875 0.152344 0.093750 0.117188
0 0.030273 0.261719 0.056641 0.122396
0 0.495117 0.325521 0.119141 0.151042
0 0.843750 0.908854 0.164062 0.177083
0 0.131836 0.627604 0.138672 0.156250
0 0.679688 0.757812 0.132812 0.171875
0 0.934570 0.309896 0.119141 0.151042
0 0.216797 0.089844 0.093750 0.091146
0 0.667969 0.441406 0.117188 0.148438
0 0.221680 0.173177 0.087891 0.111979
0 0.260742 0.255208 0.103516 0.125000
0 0.815430 0.250000 0.115234 0.140625
0 0.202148 0.865885 0.138672 0.179688
0 0.805664 0.561198 0.142578 0.169271
0 0.518555 0.464844 0.126953 0.164062
0 0.807617 0.136719 0.115234 0.111979
0 0.555664 0.910156 0.138672 0.179688
