0 0.354839 0.845161 0.109677 0.116129
0 0.130645 0.817742 0.112903 0.119355
0 0.512903 0.174194 0.212903 0.232258
0 0.629032 0.391935 0.329032 0.338710
0 0.353226 0.325806 0.177419 0.193548
0 0.262903 0.422581 0.158065 0.174194
0 0.719355 0.225806 0.232258 0.225806
0 0.409677 0.622581 0.161290 0.154839
0 0.241935 0.824194 0.109677 0.119355
0 0.132258 0.611290 0.174194 0.164516
0 0.896774 0.401613 0.206452 0.300000
0 0.469355 0.617742 0.132258 0.151613
0 0.554839 0.896774 0.174194 0.167742
0 0.670968 0.072581 0.309677 0.138710
0 0.358065 0.625806 0.161290 0.161290
0 0.120968 0.375806 0.132258 0.138710
