0 0.355385 0.433846 0.243077 0.267692
0 0.259231 0.875385 0.250769 0.243077
0 0.500769 0.256154 0.213846 0.210769
0 0.465385 0.669231 0.244615 0.243077
0 0.578462 0.440000 0.206154 0.240000
0 0.121538 0.204615 0.181538 0.147692
0 0.100000 0.448462 0.190769 0.213846
0 0.622308 0.824615 0.235385 0.218462
0 0.768462 0.205385 0.226154 0.235385
0 0.460000 0.919231 0.243077 0.146154
0 0.333077 0.195385 0.192308 0.203077
0 0.214615 0.620769 0.269231 0.269231
0 0.890769 0.262308 0.196923 0.216923
0 0.730769 0.669231 0.286154 0.270769
0 0.890000 0.487692 0.198462 0.283077
