0 0.680556 0.464750 0.136111 0.168831
0 0.483333 0.903525 0.158333 0.181818
0 0.540278 0.582560 0.136111 0.181818
0 0.400000 0.714286 0.136111 0.181818
0 0.859028 0.625232 0.120833 0.170686
0 0.186806 0.743043 0.156944 0.191095
0 0.644444 0.075139 0.125000 0.146568
0 0.163889 0.334879 0.144444 0.165121
0 0.221528 0.186456 0.129167 0.176252
0 0.430556 0.096475 0.133333 0.185529
0 0.756250 0.354360 0.115278 0.170686
0 0.425000 0.358998 0.144444 0.194805
0 0.652778 0.897959 0.158333 0.196660
0 0.226389 0.472171 0.133333 0.172542
0 0.338889 0.217069 0.119444 0.163265
0 0.554167 0.338590 0.136111 0.168831
0 0.798611 0.497217 0.133333 0.144712
0 0.860417 0.237477 0.143056 0.189239
0 0.556944 0.764378 0.150000 0.192950
0 0.642361 0.721707 0.126389 0.174397
0 0.327083 0.869202 0.140278 0.194805
0 0.295833 0.320037 0.127778 0.172542
0 0.736806 0.611317 0.137500 0.168831
0 0.320833 0.568646 0.141667 0.205937
0 0.802778 0.772727 0.138889 0.187384
0 0.913194 0.444341 0.137500 0.179963
0 0.710417 0.217996 0.131944 0.165121
