0 0.258197 0.199231 0.193989 0.106154
0 0.494536 0.788462 0.355191 0.201538
0 0.818306 0.385385 0.193989 0.121538
0 0.228142 0.035385 0.155738 0.036923
0 0.195355 0.030769 0.221311 0.052308
0 0.744536 0.273846 0.199454 0.116923
0 0.639344 0.569231 0.218579 0.120000
0 0.110656 0.843077 0.215847 0.132308
0 0.423497 0.587692 0.289617 0.147692
0 0.230874 0.329231 0.188525 0.110769
0 0.364754 0.476923 0.232240 0.126154
0 0.601093 0.208462 0.185792 0.103077
0 0.061475 0.043846 0.117486 0.026154
0 0.065574 0.028462 0.125683 0.053846
0 0.457650 0.266923 0.215847 0.121538
0 0.872951 0.574615 0.248634 0.161538
0 0.252732 0.593846 0.144809 0.116923
0 0.225410 0.727692 0.281421 0.150769
0 0.125683 0.475385 0.245902 0.141538
0 0.624317 0.446154 0.281421 0.141538
0 0.401639 0.360769 0.234973 0.136923
0 0.890710 0.785385 0.213115 0.170769
0 0.484973 0.025385 0.133880 0.047692
0 0.721311 0.696154 0.273224 0.161538
