0 0.931667 0.439167 0.136667 0.188333
0 0.482500 0.512500 0.265000 0.265000
0 0.828333 0.344167 0.196667 0.188333
0 0.710000 0.751667 0.213333 0.250000
0 0.775000 0.088333 0.130000 0.083333
0 0.877500 0.811667 0.241667 0.356667
0 0.503333 0.800000 0.303333 0.233333
0 0.585000 0.132500 0.123333 0.105000
0 0.636667 0.055833 0.136667 0.108333
0 0.070000 0.595000 0.136667 0.286667
0 0.216667 0.163333 0.146667 0.106667
0 0.866667 0.545000 0.250000 0.233333
0 0.665000 0.406667 0.263333 0.233333
0 0.272500 0.596667 0.285000 0.300000
0 0.633333 0.910000 0.383333 0.166667
0 0.072500 0.853333 0.138333 0.286667
0 0.240000 0.820833 0.233333 0.148333
0 0.235000 0.268333 0.200000 0.103333
