0 0.390000 0.809035 0.201538 0.221766
0 0.944615 0.305955 0.110769 0.164271
0 0.784615 0.864476 0.104615 0.151951
0 0.370000 0.614990 0.167692 0.207392
0 0.583846 0.249487 0.133846 0.158111
0 0.953846 0.684805 0.089231 0.186858
0 0.898462 0.162218 0.120000 0.139630
0 0.159231 0.112936 0.106154 0.139630
0 0.917692 0.858316 0.161538 0.172485
0 0.834615 0.354209 0.146154 0.174538
0 0.244615 0.716632 0.172308 0.205339
0 0.130769 0.407598 0.135385 0.166324
0 0.680769 0.552361 0.155385 0.201232
0 0.457692 0.299795 0.121538 0.151951
0 0.177692 0.562628 0.183077 0.213552
0 0.299231 0.142710 0.100000 0.104723
0 0.144615 0.252567 0.147692 0.172485
0 0.711538 0.286448 0.115385 0.174538
0 0.261538 0.411704 0.132308 0.162218
0 0.676154 0.550308 0.155385 0.201232
0 0.526154 0.665298 0.153846 0.225873
0 0.085385 0.739220 0.158462 0.205339
0 0.050000 0.594456 0.096923 0.149897
0 0.430769 0.118070 0.113846 0.162218
0 0.663846 0.717659 0.146154 0.158111
0 0.632308 0.372690 0.156923 0.211499
0 0.390000 0.417864 0.133846 0.174538
0 0.532308 0.854209 0.113846 0.151951
0 0.323846 0.272074 0.140000 0.162218
0 0.870000 0.528747 0.158462 0.207392
0 0.831538 0.717659 0.186154 0.232033
0 0.667692 0.861396 0.181538 0.170431
0 0.741538 0.467146 0.101538 0.178645
