0 0.193109 0.823918 0.200321 0.143029
0 0.147436 0.444712 0.137821 0.100962
0 0.855769 0.572115 0.105769 0.105769
0 0.555288 0.758413 0.161859 0.122596
0 0.837340 0.362981 0.123397 0.096154
0 0.377404 0.775240 0.177885 0.158654
0 0.547276 0.593149 0.161859 0.128606
0 0.254006 0.671274 0.200321 0.143029
0 0.459135 0.436899 0.142628 0.090144
0 0.866987 0.239183 0.112179 0.076923
0 0.691506 0.698918 0.200321 0.157452
0 0.561699 0.335938 0.116987 0.090144
0 0.693109 0.222356 0.091346 0.072115
0 0.869391 0.473558 0.133013 0.100962
0 0.574519 0.486779 0.152244 0.096154
0 0.430288 0.518029 0.174679 0.120192
0 0.940705 0.539062 0.118590 0.118990
0 0.945513 0.381611 0.105769 0.090144
0 0.907853 0.849760 0.184295 0.182692
0 0.254006 0.487380 0.161859 0.116587
0 0.076923 0.610577 0.150641 0.120192
0 0.741186 0.144231 0.091346 0.072115
0 0.104968 0.346154 0.123397 0.091346
0 0.919071 0.648438 0.149038 0.135817
0 0.516827 0.850361 0.258013 0.186298
0 0.662660 0.331130 0.116987 0.090144
0 0.330929 0.401442 0.149038 0.108173
