0 0.590323 0.579070 0.180645 0.265116
0 0.296774 0.888372 0.200000 0.204651
0 0.362903 0.334884 0.138710 0.195349
0 0.462903 0.741860 0.196774 0.265116
0 0.688710 0.395349 0.170968 0.223256
0 0.667742 0.841860 0.174194 0.241860
0 0.296774 0.169767 0.161290 0.190698
0 0.827419 0.893023 0.229032 0.204651
0 0.067742 0.611628 0.129032 0.255814
0 0.848387 0.534884 0.212903 0.279070
0 0.200000 0.676744 0.219355 0.311628
0 0.859677 0.306977 0.151613 0.213953
0 0.519355 0.381395 0.148387 0.213953
0 0.379032 0.534884 0.164516 0.232558
0 0.083871 0.302326 0.161290 0.223256
0 0.859677 0.155814 0.093548 0.125581
