0 0.929412 0.672549 0.138235 0.227451
0 0.656618 0.334314 0.172059 0.233333
0 0.275000 0.373529 0.147059 0.182353
0 0.769118 0.107843 0.161765 0.211765
0 0.115441 0.448039 0.201471 0.241176
0 0.455882 0.840196 0.205882 0.296078
0 0.916176 0.071569 0.138235 0.139216
0 0.317647 0.180392 0.161765 0.211765
0 0.090441 0.214706 0.163235 0.213725
0 0.706618 0.522549 0.175000 0.221569
0 0.466912 0.389216 0.148529 0.198039
0 0.238235 0.892157 0.244118 0.203922
0 0.642647 0.691176 0.194118 0.260784
0 0.345588 0.541176 0.194118 0.254902
0 0.772794 0.799020 0.186765 0.245098
0 0.954412 0.363725 0.091176 0.213725
0 0.880147 0.248039 0.175000 0.221569
0 0.127941 0.695098 0.205882 0.272549
0 0.495588 0.208824 0.158824 0.209804
