0 0.103472 0.564583 0.162500 0.094167
0 0.858333 0.917917 0.133333 0.109167
0 0.500694 0.412083 0.143056 0.072500
0 0.602778 0.385833 0.133333 0.075000
0 0.446528 0.876250 0.187500 0.109167
0 0.913194 0.545000 0.159722 0.095000
0 0.062500 0.335833 0.122222 0.090000
0 0.409028 0.634583 0.156944 0.092500
0 0.877778 0.355417 0.130556 0.074167
0 0.225000 0.834167 0.172222 0.108333
0 0.411111 0.954167 0.202778 0.091667
0 0.474306 0.475833 0.140278 0.081667
0 0.604861 0.464583 0.137500 0.069167
0 0.281250 0.305000 0.131944 0.061667
0 0.542361 0.322083 0.118056 0.079167
0 0.602083 0.515417 0.137500 0.069167
0 0.720139 0.920833 0.187500 0.130000
0 0.058333 0.432917 0.113889 0.089167
0 0.753472 0.350000 0.123611 0.070000
0 0.781944 0.420417 0.141667 0.079167
0 0.143750 0.251667 0.123611 0.071667
0 0.352083 0.185000 0.123611 0.071667
0 0.892361 0.815417 0.168056 0.107500
0 0.555556 0.241250 0.100000 0.064167
0 0.627778 0.824583 0.166667 0.107500
0 0.365972 0.776667 0.190278 0.120000
0 0.400694 0.257500 0.123611 0.071667
0 0.519444 0.653750 0.144444 0.082500
0 0.714583 0.727917 0.159722 0.107500
0 0.227083 0.462083 0.162500 0.094167
0 0.787500 0.495417 0.125000 0.070833
