0 0.554511 0.525352 0.109023 0.081690
0 0.254699 0.765493 0.122180 0.097183
0 0.683271 0.428873 0.114662 0.083099
0 0.747180 0.938028 0.140977 0.112676
0 0.777256 0.696479 0.118421 0.094366
0 0.924812 0.707746 0.101504 0.080282
0 0.903195 0.531690 0.110902 0.074648
0 0.325188 0.392254 0.101504 0.077465
0 0.689850 0.351408 0.101504 0.077465
0 0.192669 0.295070 0.110902 0.077465
0 0.538534 0.686620 0.129699 0.105634
0 0.486842 0.476056 0.109023 0.081690
0 0.297932 0.933099 0.110902 0.083099
0 0.620301 0.923944 0.109023 0.081690
0 0.420113 0.939437 0.156015 0.118310
0 0.058271 0.452817 0.112782 0.094366
0 0.060150 0.711972 0.116541 0.091549
0 0.161654 0.479577 0.116541 0.069014
0 0.390038 0.340141 0.092105 0.071831
0 0.526316 0.864789 0.142857 0.115493
0 0.084586 0.549296 0.101504 0.081690
0 0.702068 0.509155 0.114662 0.083099
0 0.381579 0.595775 0.101504 0.081690
0 0.897556 0.320423 0.092105 0.071831
0 0.797932 0.542254 0.114662 0.084507
0 0.636278 0.651408 0.129699 0.105634
0 0.914474 0.814789 0.137218 0.108451
0 0.662594 0.748592 0.129699 0.105634
0 0.125940 0.625352 0.131579 0.104225
0 0.533835 0.402113 0.101504 0.077465
0 0.093045 0.837324 0.159774 0.122535
0 0.080827 0.352113 0.093985 0.067606
0 0.285714 0.577465 0.109023 0.081690
0 0.278195 0.667606 0.131579 0.087324
0 0.156015 0.931690 0.139098 0.111268
0 0.229323 0.431690 0.101504 0.069014
0 0.744361 0.616197 0.105263 0.077465
0 0.650376 0.566901 0.097744 0.077465
0 0.366541 0.514085 0.109023 0.081690
0 0.839286 0.385915 0.103383 0.076056
0 0.906955 0.458451 0.110902 0.074648
0 0.373120 0.790141 0.156015 0.118310
