0 0.051875 0.485000 0.101250 0.133333
0 0.650625 0.726667 0.113750 0.196667
0 0.717500 0.898333 0.155000 0.200000
0 0.932500 0.700833 0.135000 0.205000
0 0.094375 0.169167 0.128750 0.161667
0 0.536250 0.701667 0.165000 0.223333
0 0.339375 0.066667 0.118750 0.126667
0 0.888125 0.310000 0.143750 0.166667
0 0.187500 0.382500 0.167500 0.201667
0 0.808750 0.518333 0.147500 0.213333
0 0.391250 0.323333 0.125000 0.130000
0 0.628750 0.465000 0.150000 0.200000
0 0.796250 0.735000 0.142500 0.196667
0 0.275625 0.306667 0.106250 0.110000
0 0.848750 0.185833 0.142500 0.171667
0 0.466875 0.216667 0.136250 0.180000
0 0.531875 0.907500 0.168750 0.175000
0 0.084375 0.626667 0.166250 0.220000
0 0.260625 0.152500 0.128750 0.161667
0 0.485625 0.054167 0.113750 0.105000
0 0.700625 0.139167 0.126250 0.158333
0 0.319375 0.884167 0.146250 0.198333
0 0.627500 0.292500 0.157500 0.168333
0 0.310625 0.685000 0.173750 0.233333
0 0.068125 0.317500 0.128750 0.161667
