0 0.095833 0.686667 0.105000 0.090000
0 0.628333 0.447500 0.106667 0.098333
0 0.371667 0.432500 0.100000 0.085000
0 0.935833 0.605833 0.128333 0.121667
0 0.690833 0.676667 0.131667 0.130000
0 0.922500 0.710833 0.128333 0.121667
0 0.623333 0.360000 0.093333 0.080000
0 0.544167 0.508333 0.115000 0.106667
0 0.246667 0.415000 0.100000 0.096667
0 0.180000 0.621667 0.103333 0.080000
0 0.455833 0.402500 0.098333 0.085000
0 0.800833 0.510833 0.115000 0.095000
0 0.779167 0.886667 0.158333 0.146667
0 0.032500 0.625833 0.061667 0.111667
0 0.285000 0.647500 0.120000 0.135000
0 0.550000 0.415000 0.093333 0.080000
0 0.065000 0.538333 0.106667 0.083333
0 0.306667 0.784167 0.130000 0.131667
0 0.922500 0.915833 0.121667 0.138333
0 0.869167 0.771667 0.158333 0.146667
0 0.913333 0.448333 0.116667 0.113333
0 0.178333 0.458333 0.100000 0.096667
0 0.410000 0.703333 0.143333 0.146667
0 0.810833 0.610833 0.128333 0.121667
0 0.169167 0.542500 0.095000 0.081667
0 0.468333 0.310000 0.100000 0.096667
0 0.543333 0.869167 0.130000 0.138333
0 0.364167 0.557500 0.111667 0.115000
0 0.333333 0.950000 0.140000 0.093333
