0 0.360769 0.527664 0.306154 0.407787
0 0.334615 0.075820 0.189231 0.147541
0 0.494615 0.286885 0.216923 0.278689
0 0.333846 0.862705 0.218462 0.274590
0 0.780769 0.111680 0.136923 0.182377
0 0.757692 0.843238 0.275385 0.293033
0 0.120000 0.879098 0.236923 0.229508
0 0.163846 0.675205 0.263077 0.284836
0 0.894615 0.656762 0.210769 0.342213
0 0.657692 0.095287 0.143077 0.186475
0 0.686154 0.452869 0.246154 0.323770
0 0.523077 0.097336 0.169231 0.190574
0 0.857692 0.491803 0.170769 0.229508
0 0.620000 0.688525 0.193846 0.282787
0 0.862308 0.311475 0.170769 0.176230
0 0.152308 0.303279 0.298462 0.377049
0 0.957692 0.412910 0.084615 0.198770
