0 0.842213 0.500769 0.311475 0.229231
0 0.850410 0.923846 0.299180 0.143077
0 0.842213 0.732308 0.282787 0.233846
0 0.859631 0.290000 0.268443 0.223077
0 0.650615 0.156154 0.280738 0.250769
0 0.396516 0.333846 0.247951 0.206154
0 0.177254 0.195385 0.293033 0.218462
0 0.570697 0.736154 0.346311 0.306154
0 0.116803 0.575385 0.225410 0.178462
0 0.169057 0.729231 0.334016 0.255385
0 0.399590 0.538462 0.336066 0.255385
0 0.635246 0.405385 0.274590 0.207692
0 0.430328 0.169231 0.180328 0.156923
0 0.382172 0.064615 0.202869 0.116923
0 0.231557 0.908462 0.401639 0.183077
0 0.150615 0.404615 0.276639 0.218462
0 0.562500 0.922308 0.317623 0.149231
0 0.792008 0.072308 0.129098 0.141538
