0 0.146667 0.228889 0.288889 0.382222
0 0.656667 0.526667 0.273333 0.293333
0 0.885556 0.597778 0.228889 0.302222
0 0.471111 0.100000 0.271111 0.195556
0 0.677778 0.277778 0.253333 0.275556
0 0.144444 0.062222 0.284444 0.120000
0 0.920000 0.091111 0.151111 0.177778
0 0.117778 0.855556 0.231111 0.280000
0 0.260000 0.617778 0.271111 0.315556
0 0.341111 0.248889 0.215556 0.297778
0 0.467778 0.736667 0.251111 0.322222
0 0.468889 0.436667 0.235556 0.255556
0 0.897778 0.301111 0.204444 0.308889
0 0.877778 0.882222 0.240000 0.226667
0 0.677778 0.094444 0.235556 0.184444
