0 0.276042 0.516797 0.181250 0.141406
0 0.168229 0.622266 0.169792 0.119531
0 0.432812 0.552734 0.155208 0.121094
0 0.645312 0.680469 0.190625 0.126562
0 0.650000 0.325391 0.204167 0.144531
0 0.729688 0.439063 0.190625 0.126562
0 0.714063 0.588281 0.196875 0.153125
0 0.870312 0.540234 0.157292 0.130469
0 0.484375 0.379688 0.189583 0.135938
0 0.343229 0.639844 0.186458 0.123438
0 0.117188 0.404688 0.190625 0.135938
0 0.295312 0.183984 0.215625 0.172656
0 0.511979 0.748047 0.186458 0.138281
0 0.826562 0.271875 0.196875 0.109375
0 0.568229 0.181250 0.186458 0.145313
0 0.706250 0.217188 0.158333 0.103125
0 0.568229 0.521484 0.186458 0.133594
0 0.898438 0.402344 0.196875 0.153125
0 0.302083 0.385156 0.189583 0.135938
0 0.188542 0.273438 0.206250 0.148438
