0 0.794366 0.479779 0.138028 0.136029
0 0.654225 0.477941 0.128169 0.136029
0 0.371127 0.258272 0.105634 0.156250
0 0.774648 0.266544 0.112676 0.136029
0 0.718310 0.578125 0.154930 0.145221
0 0.281690 0.472426 0.149296 0.194853
0 0.486620 0.255515 0.094366 0.084559
0 0.521127 0.502757 0.129577 0.112132
0 0.539437 0.192096 0.078873 0.097426
0 0.835211 0.882353 0.194366 0.191176
0 0.714085 0.730699 0.197183 0.226103
0 0.113380 0.924632 0.223944 0.143382
0 0.471831 0.414522 0.118310 0.141544
0 0.785915 0.164522 0.092958 0.075368
0 0.540141 0.314338 0.116901 0.150735
0 0.265493 0.238971 0.122535 0.161765
0 0.079577 0.835478 0.156338 0.141544
0 0.883803 0.781250 0.164789 0.180147
0 0.136620 0.536765 0.149296 0.128676
0 0.607746 0.375919 0.136620 0.152574
0 0.974648 0.800551 0.047887 0.159926
0 0.155634 0.427390 0.142254 0.108456
0 0.108451 0.315257 0.146479 0.148897
0 0.495775 0.759191 0.174648 0.235294
0 0.732394 0.341912 0.121127 0.139706
0 0.915493 0.636029 0.160563 0.183824
0 0.612676 0.865809 0.205634 0.250000
0 0.845070 0.408088 0.121127 0.139706
0 0.525352 0.581801 0.152113 0.115809
0 0.723944 0.204963 0.092958 0.104779
0 0.407746 0.916360 0.192958 0.145221
0 0.622535 0.206801 0.107042 0.108456
0 0.245775 0.846507 0.176056 0.218750
0 0.121831 0.686581 0.173239 0.204044
