0 0.448000 0.116366 0.136000 0.082583
0 0.817000 0.658408 0.366000 0.307808
0 0.166000 0.833333 0.328000 0.318318
0 0.387000 0.635135 0.386000 0.252252
0 0.875000 0.373123 0.234000 0.235736
0 0.103000 0.591592 0.194000 0.189189
0 0.693000 0.481231 0.310000 0.256757
0 0.233000 0.332583 0.234000 0.199700
0 0.527000 0.840090 0.410000 0.301802
0 0.835000 0.918168 0.318000 0.154655
0 0.879000 0.123123 0.166000 0.153153
0 0.322000 0.150150 0.176000 0.114114
0 0.489000 0.375375 0.410000 0.303303
0 0.726000 0.051802 0.164000 0.100601
0 0.679000 0.198198 0.202000 0.120120
0 0.102000 0.448198 0.192000 0.181682
