0 0.782025 0.788580 0.138430 0.098765
0 0.704545 0.936728 0.148760 0.120370
0 0.410124 0.905093 0.134298 0.097222
0 0.955579 0.375000 0.088843 0.070988
0 0.831612 0.579475 0.105372 0.063272
0 0.058884 0.662037 0.113636 0.083333
0 0.481405 0.471451 0.103306 0.072531
0 0.271694 0.815586 0.134298 0.097222
0 0.190083 0.566358 0.103306 0.061728
0 0.240702 0.626543 0.117769 0.077160
0 0.587810 0.492284 0.092975 0.077160
0 0.862603 0.726080 0.101240 0.081790
0 0.883264 0.533951 0.092975 0.074074
0 0.790289 0.649691 0.105372 0.083333
0 0.234504 0.426698 0.101240 0.069444
0 0.449380 0.715278 0.142562 0.112654
0 0.534091 0.869599 0.142562 0.112654
0 0.193182 0.716821 0.130165 0.087963
0 0.139463 0.806327 0.134298 0.097222
0 0.844008 0.955247 0.121901 0.086420
0 0.511364 0.628858 0.134298 0.091049
0 0.629132 0.614969 0.121901 0.078704
0 0.734504 0.699846 0.121901 0.078704
0 0.657025 0.820988 0.136364 0.095679
0 0.958678 0.711420 0.082645 0.086420
0 0.265496 0.486111 0.105372 0.070988
0 0.379132 0.556327 0.097107 0.078704
0 0.292355 0.904321 0.101240 0.080247
0 0.871901 0.452160 0.111570 0.067901
0 0.685950 0.557099 0.111570 0.067901
0 0.705579 0.445216 0.101240 0.078704
0 0.546488 0.962191 0.154959 0.069444
0 0.296488 0.685185 0.105372 0.070988
0 0.928719 0.616512 0.101240 0.081790
