0 0.347500 0.895403 0.300000 0.186679
0 0.884375 0.233114 0.213750 0.173546
0 0.267500 0.123358 0.210000 0.152908
0 0.713750 0.869137 0.500000 0.250469
0 0.938125 0.034709 0.118750 0.065666
0 0.436250 0.686210 0.370000 0.289869
0 0.148750 0.815197 0.295000 0.302064
0 0.606250 0.055347 0.175000 0.108818
0 0.206250 0.424484 0.390000 0.261726
0 0.499375 0.151970 0.213750 0.174484
0 0.691250 0.259381 0.302500 0.205441
0 0.242500 0.278612 0.292500 0.189493
0 0.886875 0.758912 0.213750 0.345216
0 0.678125 0.489681 0.516250 0.358349
