0 0.201429 0.494647 0.137143 0.209850
0 0.098571 0.468951 0.097143 0.209850
0 0.698571 0.508565 0.185714 0.246253
0 0.906429 0.799786 0.084286 0.156317
0 0.959286 0.779443 0.078571 0.154176
0 0.730000 0.697002 0.074286 0.134904
0 0.229286 0.839400 0.090000 0.102784
0 0.547143 0.368308 0.162857 0.226981
0 0.420714 0.547109 0.161429 0.199143
0 0.409286 0.750535 0.072857 0.109208
0 0.588571 0.676660 0.105714 0.154176
0 0.499286 0.538544 0.150000 0.203426
0 0.804286 0.687366 0.105714 0.154176
0 0.321429 0.604925 0.074286 0.122056
0 0.604286 0.821199 0.082857 0.139186
0 0.886429 0.485011 0.204286 0.284797
