0 0.091089 0.720769 0.178218 0.207692
0 0.463366 0.096154 0.245545 0.186154
0 0.276238 0.208462 0.275248 0.223077
0 0.749505 0.317692 0.275248 0.192308
0 0.644554 0.846923 0.350495 0.284615
0 0.160396 0.408462 0.312871 0.201538
0 0.067327 0.895385 0.130693 0.209231
0 0.904950 0.398462 0.178218 0.233846
0 0.284158 0.700000 0.334653 0.280000
0 0.725743 0.554615 0.330693 0.250769
0 0.253465 0.926923 0.400000 0.146154
0 0.717822 0.114615 0.243564 0.201538
0 0.442574 0.493077 0.279208 0.235385
0 0.214851 0.546154 0.196040 0.138462
0 0.917822 0.097692 0.152475 0.189231
0 0.458416 0.313846 0.283168 0.184615
0 0.884158 0.801538 0.231683 0.255385
