0 0.370000 0.047500 0.210000 0.091667
0 0.171667 0.195833 0.243333 0.255000
0 0.116667 0.552500 0.230000 0.261667
0 0.577500 0.830833 0.291667 0.298333
0 0.841667 0.492500 0.306667 0.298333
0 0.864167 0.799167 0.271667 0.345000
0 0.781667 0.054167 0.243333 0.105000
0 0.537500 0.334167 0.258333 0.248333
0 0.293333 0.388333 0.253333 0.200000
0 0.585833 0.122500 0.215000 0.221667
0 0.120833 0.841667 0.238333 0.296667
0 0.775833 0.240833 0.301667 0.291667
0 0.347500 0.796667 0.225000 0.206667
0 0.390000 0.170833 0.243333 0.255000
0 0.609167 0.573333 0.261667 0.273333
0 0.356667 0.590833 0.290000 0.308333
