0 0.914959 0.858462 0.165984 0.261538
0 0.116803 0.118462 0.229508 0.215385
0 0.616803 0.343077 0.286885 0.255385
0 0.670082 0.680000 0.331967 0.261538
0 0.444672 0.868462 0.266393 0.220000
0 0.309426 0.670000 0.430328 0.290769
0 0.384221 0.170000 0.399590 0.333846
0 0.864754 0.353846 0.266393 0.280000
0 0.102459 0.502308 0.188525 0.318462
0 0.784836 0.125385 0.364754 0.238462
0 0.341189 0.416154 0.329918 0.244615
0 0.895492 0.606154 0.204918 0.233846
0 0.717213 0.883846 0.270492 0.216923
0 0.164959 0.881538 0.325820 0.227692
