0 0.475521 0.921094 0.255208 0.146875
0 0.475000 0.275391 0.181250 0.075781
0 0.151562 0.933203 0.215625 0.132031
0 0.832812 0.839844 0.255208 0.201563
0 0.805729 0.277344 0.148958 0.078125
0 0.170313 0.363281 0.201042 0.146875
0 0.694792 0.227344 0.127083 0.082813
0 0.505208 0.496875 0.385417 0.290625
0 0.316146 0.106250 0.132292 0.090625
0 0.045833 0.581641 0.089583 0.146094
0 0.571354 0.781250 0.255208 0.146875
0 0.120833 0.255469 0.177083 0.095313
0 0.368229 0.809375 0.232292 0.170313
0 0.360938 0.216797 0.142708 0.117969
0 0.936979 0.324609 0.117708 0.121094
0 0.960417 0.437891 0.077083 0.133594
0 0.116146 0.168359 0.140625 0.099219
0 0.742708 0.569922 0.177083 0.142969
0 0.791667 0.349609 0.156250 0.111719
0 0.590104 0.154688 0.126042 0.082813
0 0.908333 0.533984 0.177083 0.142969
