0 0.485938 0.118229 0.153125 0.159375
0 0.917188 0.616667 0.162500 0.295833
0 0.300391 0.271354 0.194531 0.228125
0 0.475781 0.610417 0.256250 0.310417
0 0.091016 0.569271 0.180469 0.488542
0 0.744922 0.281250 0.202344 0.281250
0 0.905469 0.244792 0.185938 0.235417
0 0.098047 0.195312 0.194531 0.259375
0 0.791016 0.894792 0.372656 0.210417
0 0.525000 0.855208 0.251563 0.289583
0 0.178906 0.432812 0.160938 0.209375
0 0.460156 0.231771 0.159375 0.217708
0 0.777344 0.082292 0.196875 0.160417
0 0.353516 0.084375 0.139844 0.158333
0 0.223438 0.815625 0.356250 0.360417
0 0.571875 0.354167 0.226562 0.306250
0 0.723438 0.583854 0.235938 0.307292
0 0.360156 0.460938 0.217188 0.284375
