0 0.112745 0.350735 0.131373 0.075000
0 0.766667 0.505147 0.172549 0.125000
0 0.863725 0.579412 0.252941 0.173529
0 0.230392 0.356618 0.100000 0.054412
0 0.890196 0.757353 0.219608 0.226471
0 0.331373 0.339706 0.101961 0.064706
0 0.450980 0.875000 0.317647 0.229412
0 0.555882 0.244853 0.060784 0.039706
0 0.487255 0.602941 0.221569 0.150000
0 0.784314 0.397794 0.101961 0.066176
0 0.367647 0.422059 0.107843 0.070588
0 0.541176 0.441176 0.160784 0.102941
0 0.266667 0.456618 0.176471 0.133824
0 0.248039 0.647794 0.256863 0.169118
0 0.716667 0.343382 0.131373 0.072059
0 0.727451 0.844118 0.258824 0.179412
0 0.597059 0.549265 0.194118 0.148529
0 0.815686 0.358088 0.101961 0.066176
0 0.535294 0.730882 0.211765 0.141176
0 0.196078 0.841176 0.282353 0.241176
0 0.322549 0.296324 0.092157 0.054412
0 0.524510 0.319853 0.096078 0.063235
0 0.412745 0.509559 0.186275 0.125000
