0 0.034375 0.677152 0.066250 0.109272
0 0.630625 0.857616 0.076250 0.112583
0 0.125000 0.117550 0.125000 0.122517
0 0.360625 0.894040 0.078750 0.109272
0 0.607500 0.622517 0.087500 0.105960
0 0.283750 0.379967 0.117500 0.167219
0 0.375000 0.607616 0.105000 0.142384
0 0.551875 0.723510 0.086250 0.102649
0 0.191875 0.817881 0.116250 0.142384
0 0.785000 0.964404 0.100000 0.067881
0 0.486875 0.182119 0.106250 0.135762
0 0.041250 0.666391 0.047500 0.071192
0 0.261250 0.726821 0.105000 0.149007
0 0.728750 0.826987 0.100000 0.137417
0 0.130000 0.235099 0.120000 0.152318
0 0.843125 0.712748 0.113750 0.140728
0 0.411250 0.769868 0.082500 0.119205
0 0.636875 0.375000 0.088750 0.094371
0 0.855625 0.490066 0.151250 0.205298
0 0.722500 0.506623 0.102500 0.132450
0 0.692500 0.086093 0.097500 0.149007
0 0.497500 0.548013 0.087500 0.119205
