0 0.949375 0.097500 0.093750 0.191667
0 0.706875 0.395833 0.291250 0.345000
0 0.205000 0.635833 0.295000 0.385000
0 0.422500 0.150000 0.267500 0.293333
0 0.905625 0.335000 0.183750 0.316667
0 0.775625 0.725833 0.293750 0.398333
0 0.471875 0.426667 0.251250 0.306667
0 0.467500 0.720000 0.280000 0.353333
0 0.121250 0.899167 0.237500 0.191667
0 0.370000 0.919167 0.290000 0.151667
0 0.169375 0.237500 0.268750 0.365000
0 0.924375 0.630000 0.151250 0.330000
0 0.780625 0.129167 0.271250 0.255000
0 0.070000 0.382500 0.137500 0.385000
