0 0.096311 0.188462 0.188525 0.155385
0 0.511270 0.255385 0.223361 0.160000
0 0.521516 0.440000 0.301230 0.218462
0 0.191598 0.369231 0.219262 0.166154
0 0.506148 0.913077 0.352459 0.167692
0 0.802254 0.230000 0.235656 0.192308
0 0.181352 0.524615 0.247951 0.172308
0 0.236680 0.239231 0.239754 0.158462
0 0.878074 0.730000 0.243852 0.247692
0 0.603484 0.717692 0.272541 0.235385
0 0.385246 0.127692 0.237705 0.190769
0 0.237705 0.834615 0.368852 0.266154
0 0.395492 0.603846 0.270492 0.204615
0 0.764344 0.532308 0.290984 0.212308
0 0.591189 0.141538 0.202869 0.150769
0 0.872951 0.400000 0.250000 0.166154
