0 0.208496 0.291362 0.141602 0.213763
0 0.480469 0.612006 0.179688 0.266471
0 0.559570 0.403367 0.158203 0.212299
0 0.381836 0.761347 0.148438 0.202050
0 0.078613 0.916545 0.155273 0.163982
0 0.942871 0.871157 0.106445 0.225476
0 0.888184 0.308199 0.151367 0.171303
0 0.704590 0.845534 0.215820 0.294290
0 0.295410 0.915813 0.186523 0.162518
0 0.575684 0.744510 0.215820 0.294290
0 0.295410 0.340410 0.139648 0.203514
0 0.772461 0.405564 0.175781 0.210835
0 0.333984 0.443631 0.150391 0.245974
0 0.456543 0.887994 0.149414 0.194729
0 0.716797 0.632504 0.183594 0.248902
0 0.861328 0.475842 0.175781 0.210835
0 0.166992 0.730600 0.154297 0.187408
0 0.078125 0.554905 0.154297 0.187408
0 0.116211 0.641288 0.154297 0.187408
0 0.938965 0.622255 0.116211 0.295754
0 0.218750 0.845534 0.175781 0.229868
0 0.059570 0.806003 0.117188 0.159590
0 0.308105 0.663250 0.139648 0.190337
0 0.049805 0.243045 0.097656 0.199122
0 0.843262 0.721083 0.215820 0.294290
0 0.860352 0.928258 0.148438 0.134700
0 0.633789 0.513909 0.173828 0.216691
0 0.420410 0.494876 0.178711 0.260615
