0 0.189375 0.213995 0.253750 0.248641
0 0.110625 0.413723 0.218750 0.283967
0 0.124375 0.892663 0.246250 0.209239
0 0.328125 0.680707 0.293750 0.323370
0 0.096875 0.658967 0.191250 0.296196
0 0.874375 0.377038 0.251250 0.256793
0 0.346875 0.412364 0.273750 0.256793
0 0.425625 0.211957 0.223750 0.250000
0 0.879375 0.633832 0.236250 0.346467
0 0.616875 0.405571 0.268750 0.256793
0 0.410000 0.888587 0.342500 0.206522
0 0.666875 0.198370 0.253750 0.241848
0 0.955625 0.888587 0.088750 0.220109
0 0.895625 0.180027 0.203750 0.213315
0 0.759375 0.883152 0.316250 0.217391
0 0.620000 0.678668 0.287500 0.341033
