0 0.826667 0.893411 0.224000 0.205426
0 0.590667 0.577519 0.181333 0.259690
0 0.298000 0.172481 0.153333 0.213178
0 0.298667 0.890504 0.186667 0.207364
0 0.091333 0.156008 0.153333 0.180233
0 0.083333 0.307171 0.164000 0.226744
0 0.210667 0.439922 0.176000 0.224806
0 0.460000 0.737403 0.194667 0.250000
0 0.521333 0.376938 0.149333 0.218992
0 0.672000 0.841085 0.170667 0.240310
0 0.068667 0.606589 0.134667 0.244186
0 0.431333 0.231589 0.121333 0.184109
0 0.865333 0.300388 0.146667 0.197674
0 0.378667 0.533915 0.162667 0.230620
0 0.692000 0.387597 0.173333 0.228682
0 0.366000 0.328488 0.140000 0.191860
0 0.843333 0.531008 0.217333 0.275194
0 0.752667 0.141473 0.129333 0.186047
0 0.560667 0.205426 0.137333 0.193798
0 0.882667 0.745155 0.186667 0.226744
0 0.198000 0.674419 0.217333 0.313953
0 0.516000 0.925388 0.189333 0.141473
0 0.669333 0.186047 0.106667 0.124031
