0 0.930000 0.270698 0.080000 0.055814
0 0.233125 0.391163 0.156250 0.129302
0 0.083750 0.565581 0.165000 0.130233
0 0.563125 0.561395 0.183750 0.142326
0 0.574375 0.250233 0.143750 0.128372
0 0.466875 0.330698 0.138750 0.108837
0 0.124375 0.222791 0.101250 0.071628
0 0.467500 0.723721 0.157500 0.141395
0 0.606250 0.066512 0.100000 0.103256
0 0.778125 0.585116 0.201250 0.146977
0 0.876875 0.360930 0.176250 0.122791
0 0.461875 0.901860 0.176250 0.127442
0 0.734375 0.445116 0.183750 0.125581
0 0.293750 0.921395 0.187500 0.157209
0 0.103125 0.815349 0.193750 0.136744
0 0.296875 0.539070 0.183750 0.138605
0 0.361250 0.912558 0.192500 0.145116
0 0.480625 0.183256 0.088750 0.066977
