0 0.645161 0.402542 0.079032 0.124697
0 0.594758 0.277845 0.071774 0.088378
0 0.271371 0.406780 0.084677 0.111380
0 0.860484 0.641646 0.100000 0.128329
0 0.093952 0.250605 0.068548 0.092010
0 0.847581 0.466707 0.085484 0.112591
0 0.941935 0.328087 0.072581 0.096852
0 0.522177 0.824455 0.115323 0.162228
0 0.445968 0.771186 0.095161 0.152542
0 0.545968 0.694915 0.111290 0.133172
0 0.566935 0.389225 0.077419 0.107748
0 0.343145 0.364407 0.081452 0.092010
0 0.875806 0.332324 0.079032 0.093220
0 0.727016 0.621671 0.112097 0.146489
0 0.496371 0.280266 0.071774 0.088378
0 0.661694 0.276634 0.071774 0.088378
0 0.772581 0.325061 0.070968 0.102906
0 0.123790 0.368644 0.071774 0.078692
0 0.722177 0.785109 0.133065 0.202179
0 0.490323 0.421308 0.085484 0.121065
0 0.181855 0.316586 0.071774 0.078692
0 0.362097 0.255448 0.061290 0.099274
0 0.639113 0.645884 0.086290 0.136804
0 0.241532 0.573245 0.099194 0.134383
0 0.726210 0.425545 0.083065 0.088378
0 0.109274 0.506659 0.099194 0.124697
0 0.456452 0.623487 0.111290 0.142857
0 0.207258 0.485472 0.093548 0.108959
0 0.305242 0.306901 0.073387 0.085956
0 0.335081 0.523608 0.099194 0.134383
0 0.623790 0.795400 0.115323 0.162228
0 0.116129 0.693099 0.091935 0.141646
0 0.187903 0.390436 0.079032 0.095642
0 0.627823 0.514528 0.076613 0.113801
0 0.314919 0.874697 0.133065 0.202179
0 0.779435 0.230630 0.071774 0.088378
0 0.568952 0.570823 0.099194 0.134383
0 0.308871 0.673729 0.111290 0.144068
0 0.187097 0.392252 0.077419 0.096852
0 0.138306 0.584140 0.099194 0.134383
0 0.419758 0.081719 0.050806 0.078692
0 0.421774 0.495763 0.091935 0.134383
