0 0.739041 0.826168 0.195890 0.242991
0 0.197945 0.824299 0.179452 0.242991
0 0.383562 0.457009 0.142466 0.143925
0 0.132877 0.669159 0.161644 0.190654
0 0.678767 0.560748 0.138356 0.171963
0 0.459589 0.709346 0.157534 0.200000
0 0.134247 0.536449 0.145205 0.149533
0 0.239041 0.439252 0.127397 0.112150
0 0.523288 0.473832 0.142466 0.143925
0 0.898630 0.454206 0.123288 0.194393
0 0.550685 0.844860 0.172603 0.261682
0 0.293151 0.671028 0.161644 0.190654
0 0.831507 0.558879 0.164384 0.186916
0 0.651370 0.436449 0.121918 0.125234
0 0.100685 0.441121 0.132877 0.145794
0 0.776712 0.687850 0.164384 0.186916
0 0.776027 0.462617 0.121918 0.125234
0 0.411644 0.575701 0.135616 0.149533
0 0.546575 0.596262 0.139726 0.171963
0 0.620548 0.714019 0.164384 0.186916
0 0.376712 0.824299 0.180822 0.242991
0 0.268493 0.536449 0.145205 0.149533
0 0.907534 0.855140 0.113699 0.252336
