0 0.088438 0.461667 0.175625 0.206667
0 0.510938 0.272917 0.175625 0.175833
0 0.914375 0.542917 0.171250 0.314167
0 0.294063 0.510833 0.229375 0.300000
0 0.073438 0.761250 0.145625 0.279167
0 0.721250 0.531250 0.216250 0.254167
0 0.507500 0.515833 0.208750 0.265000
0 0.328125 0.302083 0.186250 0.252500
0 0.736563 0.803333 0.235625 0.333333
0 0.900938 0.314583 0.189375 0.235833
0 0.251250 0.780417 0.278750 0.310833
0 0.135625 0.255833 0.177500 0.173333
0 0.706562 0.295000 0.194375 0.213333
0 0.502812 0.787917 0.231875 0.329167
