0 0.032715 0.328125 0.063477 0.197917
0 0.066895 0.051432 0.131836 0.097656
0 0.801758 0.080078 0.199219 0.157552
0 0.645996 0.629557 0.180664 0.238281
0 0.848145 0.638672 0.243164 0.311198
0 0.295898 0.149740 0.175781 0.203125
0 0.511719 0.443359 0.189453 0.230469
0 0.301758 0.830729 0.203125 0.283854
0 0.218262 0.645182 0.190430 0.266927
0 0.419922 0.574219 0.255859 0.322917
0 0.399414 0.299479 0.175781 0.203125
0 0.092773 0.740885 0.183594 0.255208
0 0.365723 0.943359 0.204102 0.108073
0 0.666992 0.244792 0.154297 0.236979
0 0.862793 0.223958 0.204102 0.247396
0 0.740234 0.449870 0.171875 0.220052
0 0.127930 0.901042 0.244141 0.197917
0 0.897461 0.871094 0.189453 0.226562
0 0.240234 0.408854 0.195312 0.234375
0 0.915039 0.410156 0.162109 0.250000
0 0.527344 0.817708 0.255859 0.322917
0 0.541504 0.208333 0.196289 0.270833
0 0.071777 0.531250 0.141602 0.244792
0 0.087891 0.222005 0.173828 0.230469
