0 0.831048 0.630749 0.171401 0.231275
0 0.356513 0.773982 0.144956 0.204993
0 0.634672 0.619580 0.142997 0.198423
0 0.452987 0.616951 0.136141 0.198423
0 0.541136 0.465834 0.132223 0.190539
0 0.277669 0.322602 0.147894 0.198423
0 0.892752 0.176741 0.165524 0.211564
0 0.370715 0.469120 0.130264 0.186597
0 0.187561 0.465834 0.157689 0.187911
0 0.375612 0.189882 0.140059 0.203679
0 0.724290 0.779238 0.155730 0.199737
0 0.454456 0.323916 0.144956 0.198423
0 0.632713 0.334428 0.137120 0.190539
0 0.807052 0.322602 0.141038 0.174770
0 0.276200 0.611038 0.144956 0.194481
0 0.207640 0.193167 0.141038 0.168200
0 0.175318 0.767411 0.154750 0.186597
0 0.725759 0.466491 0.146915 0.191853
0 0.913320 0.786465 0.151812 0.203679
0 0.547502 0.770696 0.146915 0.187911
0 0.109207 0.611038 0.151812 0.183968
0 0.907444 0.473719 0.157689 0.201051
0 0.721352 0.183311 0.142018 0.201051
0 0.114594 0.328515 0.150833 0.197109
0 0.544564 0.184625 0.144956 0.211564
