0 0.183105 0.891276 0.159180 0.212240
0 0.053223 0.425130 0.104492 0.199219
0 0.078613 0.779297 0.155273 0.230469
0 0.398926 0.644531 0.170898 0.216146
0 0.882812 0.852865 0.173828 0.229167
0 0.751465 0.158203 0.133789 0.188802
0 0.282227 0.533854 0.167969 0.216146
0 0.403320 0.420573 0.167969 0.216146
0 0.263672 0.735677 0.148438 0.195312
0 0.868652 0.400391 0.147461 0.191406
0 0.468262 0.242188 0.153320 0.210938
0 0.166016 0.376302 0.173828 0.234375
0 0.772949 0.677734 0.176758 0.225260
0 0.735352 0.501953 0.164062 0.188802
0 0.609863 0.709635 0.153320 0.229167
0 0.311035 0.240885 0.161133 0.208333
0 0.267578 0.072917 0.144531 0.143229
0 0.858887 0.096354 0.147461 0.190104
0 0.576172 0.337891 0.175781 0.240885
0 0.163574 0.628255 0.141602 0.201823
0 0.576660 0.852214 0.176758 0.225260
0 0.910156 0.567708 0.169922 0.239583
0 0.103516 0.095052 0.169922 0.187500
0 0.128906 0.251953 0.144531 0.154948
0 0.536133 0.549479 0.158203 0.213542
0 0.608398 0.160156 0.154297 0.187500
0 0.412598 0.856120 0.159180 0.212240
0 0.909668 0.225911 0.147461 0.191406
