0 0.803125 0.716667 0.123750 0.193333
0 0.731875 0.363333 0.156250 0.193333
0 0.925000 0.418333 0.117500 0.156667
0 0.928125 0.771667 0.143750 0.206667
0 0.610000 0.795000 0.147500 0.156667
0 0.473750 0.307500 0.125000 0.098333
0 0.548750 0.391667 0.137500 0.183333
0 0.835625 0.485000 0.156250 0.193333
0 0.638750 0.510833 0.115000 0.161667
0 0.303750 0.384167 0.135000 0.161667
0 0.495000 0.735000 0.147500 0.156667
0 0.520625 0.569167 0.158750 0.211667
0 0.703125 0.665000 0.156250 0.193333
0 0.362500 0.585000 0.160000 0.220000
0 0.428750 0.411667 0.120000 0.166667
0 0.834375 0.351667 0.061250 0.080000
0 0.922500 0.620000 0.145000 0.160000
0 0.281250 0.740000 0.150000 0.166667
