0 0.210648 0.163628 0.143519 0.098958
0 0.705729 0.173611 0.177662 0.116319
0 0.844907 0.564453 0.233796 0.180990
0 0.258970 0.237847 0.177662 0.116319
0 0.226562 0.446398 0.214699 0.143663
0 0.887731 0.730903 0.224537 0.181424
0 0.444444 0.413628 0.225694 0.166667
0 0.175637 0.336372 0.177662 0.111111
0 0.386863 0.742622 0.284144 0.211806
0 0.392650 0.571615 0.245949 0.162326
0 0.654514 0.694444 0.263889 0.210938
0 0.651620 0.361111 0.231481 0.183160
0 0.548611 0.152344 0.164352 0.103299
0 0.359954 0.151042 0.143519 0.098958
0 0.776042 0.281033 0.182870 0.127170
0 0.139178 0.598741 0.271412 0.182726
0 0.355035 0.318142 0.193866 0.142361
0 0.113715 0.790799 0.226273 0.202257
0 0.442419 0.223524 0.177662 0.116319
