0 0.157639 0.182292 0.216667 0.140625
0 0.245139 0.077083 0.195833 0.152083
0 0.377778 0.294010 0.233333 0.201563
0 0.307639 0.679427 0.262500 0.221354
0 0.905556 0.755990 0.179167 0.220312
0 0.663542 0.047917 0.168750 0.094792
0 0.516667 0.097135 0.155556 0.166146
0 0.687847 0.738542 0.267361 0.228125
0 0.543750 0.492188 0.111111 0.141667
0 0.878819 0.253906 0.228472 0.152604
0 0.655903 0.213021 0.228472 0.169792
0 0.502778 0.846094 0.262500 0.221354
0 0.752083 0.102344 0.201389 0.163021
0 0.931597 0.916406 0.135417 0.143229
0 0.396528 0.496615 0.245833 0.200521
0 0.378472 0.129167 0.230556 0.185417
0 0.045139 0.205469 0.088889 0.175521
0 0.747222 0.874479 0.244444 0.154167
0 0.656250 0.533073 0.240278 0.197396
0 0.121528 0.503125 0.241667 0.188542
0 0.896181 0.560156 0.206250 0.192188
0 0.092361 0.695573 0.183333 0.217188
0 0.156944 0.318490 0.245833 0.184896
0 0.254167 0.828646 0.261111 0.151042
0 0.883333 0.392708 0.231944 0.163542
