0 0.082755 0.501929 0.071759 0.091821
0 0.498264 0.736497 0.079861 0.104167
0 0.748843 0.962191 0.082176 0.074074
0 0.609664 0.985340 0.037616 0.029321
0 0.306713 0.148920 0.098380 0.145062
0 0.694444 0.785108 0.076389 0.118056
0 0.881366 0.812500 0.062500 0.072531
0 0.503762 0.373843 0.087384 0.118056
0 0.213831 0.296296 0.068866 0.091049
0 0.808160 0.766590 0.093171 0.118056
0 0.378183 0.374614 0.085069 0.111883
0 0.553530 0.115741 0.094329 0.140432
0 0.878472 0.320988 0.222222 0.293210
0 0.620660 0.669367 0.085069 0.111883
0 0.513600 0.906250 0.092014 0.136574
0 0.916956 0.889660 0.080440 0.106481
0 0.238715 0.575617 0.096644 0.132716
0 0.160880 0.403164 0.071759 0.091821
0 0.332176 0.927855 0.065972 0.081019
