0 0.821181 0.447135 0.203472 0.149479
0 0.679167 0.173698 0.170833 0.149479
0 0.815278 0.207292 0.148611 0.131250
0 0.236806 0.425260 0.180556 0.132812
0 0.369444 0.938802 0.194444 0.122396
0 0.124306 0.141667 0.159722 0.159375
0 0.468750 0.649740 0.183333 0.143229
0 0.405903 0.231771 0.159028 0.120833
0 0.064583 0.913802 0.127778 0.163021
0 0.539236 0.203646 0.142361 0.119792
0 0.263889 0.187500 0.183333 0.145833
0 0.267014 0.683073 0.231250 0.159896
0 0.088889 0.439062 0.166667 0.136458
0 0.526389 0.322396 0.163889 0.135417
0 0.337500 0.540365 0.180556 0.132812
0 0.400694 0.809375 0.250000 0.196875
0 0.277431 0.065885 0.165972 0.128646
0 0.748264 0.570312 0.200694 0.141667
0 0.437847 0.092969 0.160417 0.160938
0 0.184028 0.947135 0.179167 0.104688
0 0.576736 0.564323 0.149306 0.115104
0 0.069097 0.613021 0.136806 0.141667
0 0.560069 0.914062 0.221528 0.168750
0 0.836806 0.320573 0.194444 0.122396
0 0.939583 0.184635 0.120833 0.126562
0 0.254861 0.310937 0.130556 0.109375
0 0.215278 0.832031 0.183333 0.143229
0 0.077778 0.755729 0.150000 0.141667
0 0.679167 0.300000 0.163889 0.135417
0 0.104167 0.294531 0.170833 0.149479
0 0.712153 0.763542 0.200694 0.157292
0 0.629167 0.431250 0.191667 0.144792
0 0.765278 0.058594 0.186111 0.114062
0 0.878819 0.690104 0.203472 0.148958
0 0.588194 0.070833 0.168056 0.134375
0 0.336111 0.539323 0.180556 0.132812
0 0.392361 0.359375 0.163889 0.135417
