0 0.572627 0.056641 0.141782 0.083767
0 0.125000 0.057726 0.065972 0.053819
0 0.552083 0.526693 0.104167 0.088976
0 0.780961 0.269314 0.147569 0.077691
0 0.680845 0.518880 0.080440 0.058594
0 0.914641 0.258247 0.116319 0.081597
0 0.377315 0.448134 0.145833 0.092448
0 0.191551 0.082248 0.085648 0.066406
0 0.730324 0.479601 0.068287 0.052951
0 0.668113 0.329644 0.161458 0.121962
0 0.059028 0.662543 0.118056 0.102865
0 0.879051 0.472656 0.082176 0.055556
0 0.573206 0.172092 0.061921 0.052517
0 0.397569 0.677083 0.188657 0.125000
0 0.498553 0.495877 0.170718 0.141927
0 0.643229 0.349609 0.111690 0.085503
0 0.162616 0.082031 0.157407 0.102431
0 0.475116 0.220269 0.174769 0.140191
0 0.134259 0.071615 0.081019 0.085069
0 0.833912 0.588976 0.182870 0.125868
0 0.089120 0.746094 0.057870 0.059028
0 0.696470 0.310547 0.108218 0.088976
0 0.358218 0.332465 0.163194 0.135417
0 0.397569 0.823568 0.078704 0.071615
0 0.821470 0.269097 0.070023 0.076389
