0 0.554688 0.696615 0.214844 0.317708
0 0.676758 0.303385 0.148438 0.234375
0 0.231934 0.307292 0.188477 0.179688
0 0.522461 0.285807 0.193359 0.253906
0 0.172852 0.500000 0.199219 0.270833
0 0.797852 0.250651 0.152344 0.220052
0 0.933105 0.317708 0.133789 0.208333
0 0.388184 0.789714 0.204102 0.269531
0 0.113770 0.168620 0.200195 0.272135
0 0.354980 0.177083 0.174805 0.236979
0 0.941406 0.647786 0.117188 0.240885
0 0.206543 0.785807 0.180664 0.251302
0 0.791016 0.611979 0.207031 0.263021
0 0.863281 0.177083 0.134766 0.169271
0 0.369141 0.423177 0.199219 0.270833
0 0.674316 0.809896 0.184570 0.257812
