0 0.981111 0.878333 0.037778 0.113333
0 0.754444 0.492500 0.122222 0.201667
0 0.442778 0.577500 0.143333 0.211667
0 0.041667 0.349167 0.081111 0.145000
0 0.546111 0.660833 0.132222 0.178333
0 0.703889 0.075833 0.098889 0.141667
0 0.257222 0.610833 0.132222 0.175000
0 0.652778 0.415833 0.116667 0.181667
0 0.251667 0.431667 0.147778 0.183333
0 0.471111 0.283333 0.122222 0.156667
0 0.587222 0.514167 0.145556 0.168333
0 0.347222 0.283333 0.105556 0.146667
0 0.682222 0.617500 0.128889 0.155000
0 0.443333 0.415000 0.122222 0.156667
0 0.903333 0.794167 0.122222 0.191667
0 0.932222 0.618333 0.111111 0.176667
0 0.880000 0.540000 0.104444 0.146667
0 0.043333 0.053333 0.084444 0.103333
