0 0.263333 0.120200 0.122222 0.163606
0 0.331667 0.514190 0.170000 0.263773
0 0.440000 0.559265 0.091111 0.163606
0 0.953889 0.610184 0.090000 0.238731
0 0.928333 0.203673 0.130000 0.196995
0 0.748333 0.912354 0.170000 0.161937
0 0.105556 0.895659 0.166667 0.151920
0 0.756111 0.364775 0.152222 0.228715
0 0.563333 0.397329 0.155556 0.217028
0 0.233889 0.244574 0.138889 0.208681
0 0.391667 0.157763 0.143333 0.198664
0 0.092222 0.095159 0.151111 0.186978
0 0.906111 0.448247 0.161111 0.245409
0 0.204444 0.056761 0.128889 0.110184
0 0.856667 0.070952 0.146667 0.138564
0 0.905000 0.855593 0.178889 0.268781
0 0.067778 0.532554 0.133333 0.217028
0 0.435556 0.764608 0.182222 0.283806
0 0.167778 0.417362 0.155556 0.220367
0 0.036667 0.750417 0.071111 0.238731
0 0.157222 0.759599 0.145556 0.227045
0 0.693333 0.614357 0.162222 0.253756
0 0.543333 0.596828 0.146667 0.215359
0 0.514444 0.095993 0.111111 0.165275
0 0.437778 0.393155 0.126667 0.212020
