0 0.242222 0.591667 0.117778 0.176667
0 0.604444 0.148333 0.057778 0.123333
0 0.414444 0.519167 0.126667 0.178333
0 0.610000 0.341667 0.124444 0.183333
0 0.885000 0.604167 0.096667 0.131667
0 0.171111 0.851667 0.131111 0.166667
0 0.573889 0.159167 0.125556 0.215000
0 0.021667 0.665833 0.041111 0.121667
0 0.343889 0.352500 0.072222 0.081667
0 0.097778 0.859167 0.066667 0.118333
0 0.526111 0.568333 0.121111 0.196667
0 0.781667 0.604167 0.118889 0.185000
0 0.681111 0.655833 0.100000 0.145000
0 0.419444 0.868333 0.078889 0.120000
