0 0.811250 0.623333 0.222500 0.326667
0 0.537500 0.355000 0.230000 0.303333
0 0.930000 0.081667 0.135000 0.156667
0 0.407500 0.866667 0.220000 0.240000
0 0.447500 0.066667 0.230000 0.126667
0 0.628750 0.791667 0.197500 0.290000
0 0.190000 0.240000 0.225000 0.286667
0 0.890000 0.908333 0.195000 0.176667
0 0.486250 0.566667 0.207500 0.273333
0 0.745000 0.078333 0.220000 0.150000
0 0.443750 0.806667 0.187500 0.233333
0 0.071250 0.138333 0.137500 0.270000
0 0.935000 0.255000 0.130000 0.310000
0 0.188750 0.926667 0.222500 0.133333
0 0.402500 0.258333 0.220000 0.316667
0 0.955000 0.768333 0.090000 0.290000
0 0.262500 0.516667 0.245000 0.306667
0 0.231250 0.760000 0.207500 0.240000
0 0.758750 0.305000 0.227500 0.330000
