0 0.259375 0.642500 0.136250 0.155000
0 0.091875 0.484167 0.108750 0.198333
0 0.349375 0.513333 0.161250 0.210000
0 0.811250 0.507500 0.145000 0.188333
0 0.467500 0.282500 0.060000 0.141667
0 0.668125 0.651667 0.111250 0.160000
0 0.510000 0.530000 0.160000 0.210000
0 0.793125 0.698333 0.151250 0.193333
0 0.262500 0.842500 0.142500 0.181667
0 0.551875 0.300000 0.158750 0.210000
0 0.623125 0.183333 0.146250 0.173333
0 0.403125 0.669167 0.146250 0.175000
0 0.611250 0.822500 0.152500 0.191667
0 0.128125 0.238333 0.151250 0.206667
0 0.541875 0.694167 0.136250 0.175000
0 0.333750 0.336667 0.162500 0.200000
0 0.205625 0.465833 0.161250 0.208333
0 0.693125 0.363333 0.183750 0.246667
0 0.400625 0.203333 0.128750 0.170000
0 0.804375 0.348333 0.111250 0.190000
0 0.091250 0.670833 0.172500 0.198333
0 0.268125 0.226667 0.128750 0.170000
