0 0.305833 0.545657 0.141667 0.187082
0 0.690833 0.393096 0.148333 0.220490
0 0.189167 0.871938 0.141667 0.167038
0 0.676667 0.188196 0.140000 0.189310
0 0.843333 0.129176 0.146667 0.173719
0 0.320000 0.182628 0.150000 0.169265
0 0.548333 0.625835 0.136667 0.187082
0 0.681667 0.737194 0.136667 0.187082
0 0.446667 0.489978 0.150000 0.191537
0 0.543333 0.163697 0.143333 0.184855
0 0.540000 0.376392 0.133333 0.178174
0 0.782500 0.849666 0.125000 0.184855
0 0.335000 0.838530 0.136667 0.180401
0 0.809167 0.504454 0.141667 0.184855
0 0.807500 0.680401 0.128333 0.162584
0 0.939167 0.703786 0.121667 0.155902
0 0.412500 0.690423 0.155000 0.200445
0 0.089167 0.773942 0.148333 0.180401
0 0.409167 0.302895 0.135000 0.178174
0 0.302500 0.369710 0.135000 0.178174
0 0.165833 0.383073 0.135000 0.178174
0 0.875000 0.280624 0.136667 0.151448
0 0.054167 0.229399 0.105000 0.173719
0 0.181667 0.119154 0.156667 0.162584
0 0.161667 0.611359 0.140000 0.184855
0 0.581667 0.900891 0.140000 0.198218
