0 0.920313 0.839583 0.156250 0.220833
0 0.528906 0.141667 0.176563 0.258333
0 0.679688 0.262500 0.206250 0.283333
0 0.416406 0.243750 0.179688 0.254167
0 0.409375 0.441667 0.168750 0.166667
0 0.707813 0.843750 0.175000 0.254167
0 0.552344 0.775000 0.182813 0.262500
0 0.053125 0.830208 0.103125 0.268750
0 0.107031 0.423958 0.148438 0.210417
0 0.073438 0.173958 0.143750 0.231250
0 0.902344 0.609375 0.185938 0.247917
0 0.261719 0.527083 0.164062 0.162500
0 0.778125 0.434375 0.190625 0.197917
0 0.726562 0.607292 0.184375 0.243750
0 0.689844 0.130208 0.151563 0.072917
0 0.295313 0.257292 0.140625 0.243750
0 0.108594 0.641667 0.157813 0.229167
0 0.850000 0.215625 0.190625 0.252083
0 0.365625 0.827083 0.187500 0.233333
0 0.194531 0.841667 0.179688 0.200000
0 0.565625 0.504167 0.171875 0.237500
0 0.193750 0.354167 0.187500 0.254167
0 0.472656 0.617708 0.182813 0.260417
0 0.247656 0.680208 0.192188 0.231250
