0 0.610000 0.828125 0.192500 0.312500
0 0.377500 0.184375 0.202500 0.362500
0 0.738750 0.196875 0.195000 0.387500
0 0.911875 0.218750 0.171250 0.406250
0 0.158750 0.792188 0.212500 0.359375
0 0.458125 0.445312 0.168750 0.459375
0 0.065000 0.501563 0.127500 0.521875
0 0.753125 0.682813 0.201250 0.459375
0 0.071875 0.160938 0.141250 0.315625
0 0.606875 0.445312 0.183750 0.440625
0 0.346250 0.862500 0.175000 0.275000
0 0.276875 0.506250 0.206250 0.462500
0 0.586875 0.100000 0.136250 0.193750
0 0.906250 0.879688 0.185000 0.221875
0 0.899375 0.593750 0.168750 0.418750
