0 0.360000 0.587333 0.274667 0.289333
0 0.366667 0.856000 0.312000 0.269333
0 0.854000 0.892667 0.249333 0.209333
0 0.488000 0.155333 0.216000 0.233333
0 0.919333 0.324000 0.161333 0.309333
0 0.057333 0.150667 0.112000 0.253333
0 0.637333 0.700000 0.296000 0.274667
0 0.578667 0.422667 0.341333 0.317333
0 0.854000 0.543333 0.289333 0.281333
0 0.662667 0.900000 0.322667 0.189333
0 0.780667 0.232667 0.249333 0.244000
0 0.191333 0.099333 0.228000 0.169333
0 0.278000 0.313333 0.300000 0.277333
0 0.160000 0.809333 0.232000 0.293333
0 0.121333 0.542667 0.240000 0.288000
