0 0.601111 0.636667 0.173333 0.236667
0 0.219444 0.328333 0.138889 0.200000
0 0.676667 0.364167 0.164444 0.218333
0 0.442778 0.634167 0.181111 0.238333
0 0.148333 0.875833 0.185556 0.241667
0 0.321667 0.205833 0.185556 0.241667
0 0.770000 0.610000 0.173333 0.236667
0 0.855000 0.169167 0.165556 0.205000
0 0.343889 0.869167 0.203333 0.261667
0 0.355000 0.462500 0.156667 0.235000
0 0.537778 0.861667 0.182222 0.270000
0 0.420000 0.036667 0.135556 0.070000
0 0.137222 0.208333 0.152222 0.156667
0 0.932222 0.530833 0.135556 0.231667
0 0.135556 0.390833 0.153333 0.208333
0 0.255556 0.613333 0.175556 0.280000
0 0.626667 0.223333 0.140000 0.216667
0 0.808333 0.858333 0.203333 0.263333
0 0.825556 0.418333 0.135556 0.210000
0 0.511111 0.366667 0.166667 0.236667
0 0.086667 0.637500 0.166667 0.245000
