0 0.191111 0.454074 0.073333 0.087407
0 0.390556 0.349630 0.072222 0.091852
0 0.084444 0.130370 0.071111 0.091852
0 0.105000 0.571111 0.076667 0.099259
0 0.572778 0.500741 0.087778 0.100741
0 0.118889 0.274074 0.082222 0.103704
0 0.050556 0.062963 0.078889 0.099259
0 0.572778 0.741481 0.087778 0.114074
0 0.232222 0.525185 0.077778 0.102222
0 0.045000 0.622963 0.076667 0.099259
0 0.181111 0.388148 0.068889 0.088889
0 0.203889 0.317778 0.065556 0.072593
0 0.446111 0.500000 0.076667 0.096296
0 0.041667 0.434815 0.076667 0.099259
0 0.038889 0.528148 0.075556 0.099259
0 0.617778 0.377037 0.073333 0.087407
0 0.660556 0.546667 0.087778 0.100741
0 0.276667 0.445185 0.066667 0.081481
0 0.649444 0.448889 0.078889 0.103704
0 0.209444 0.160000 0.058889 0.088889
0 0.114444 0.383704 0.068889 0.088889
0 0.455000 0.339259 0.067778 0.074074
0 0.105556 0.479259 0.073333 0.087407
0 0.516667 0.418519 0.073333 0.087407
0 0.473889 0.729630 0.087778 0.114074
0 0.058889 0.213333 0.071111 0.091852
0 0.156667 0.198519 0.097778 0.082963
0 0.672222 0.678519 0.108889 0.133333
0 0.562222 0.294074 0.073333 0.087407
0 0.588889 0.594815 0.093333 0.117037
0 0.482778 0.589630 0.085556 0.103704
0 0.058889 0.325185 0.080000 0.087407
0 0.167222 0.594074 0.072222 0.100741
