0 0.165598 0.410744 0.079060 0.051240
0 0.951923 0.409091 0.070513 0.057851
0 0.166667 0.787603 0.076923 0.061157
0 0.313034 0.579339 0.108974 0.071074
0 0.686966 0.323967 0.066239 0.052893
0 0.779915 0.211570 0.068376 0.052893
0 0.898504 0.435537 0.083333 0.054545
0 0.665598 0.501653 0.083333 0.054545
0 0.821581 0.376033 0.070513 0.054545
0 0.897436 0.370248 0.076923 0.056198
0 0.476496 0.382645 0.059829 0.038017
0 0.702991 0.619835 0.094017 0.062810
0 0.741453 0.238843 0.064103 0.038017
0 0.038462 0.400826 0.072650 0.044628
0 0.545940 0.376860 0.066239 0.052893
0 0.368590 0.647107 0.091880 0.067769
0 0.471154 0.506612 0.074786 0.054545
0 0.146368 0.868595 0.091880 0.071074
0 0.501068 0.707438 0.087607 0.069421
0 0.735043 0.584298 0.085470 0.064463
0 0.112179 0.819835 0.087607 0.066116
0 0.192308 0.443802 0.072650 0.038017
0 0.032051 0.835537 0.059829 0.064463
0 0.068376 0.461983 0.072650 0.038017
0 0.205128 0.368595 0.072650 0.056198
0 0.352564 0.323140 0.064103 0.051240
0 0.425214 0.352066 0.076923 0.056198
0 0.500000 0.344628 0.059829 0.038017
0 0.185897 0.242149 0.072650 0.041322
0 0.766026 0.398347 0.079060 0.049587
0 0.955128 0.353719 0.064103 0.052893
0 0.048077 0.920661 0.091880 0.076033
0 0.740385 0.685950 0.096154 0.072727
0 0.457265 0.549587 0.076923 0.061157
0 0.964744 0.473554 0.070513 0.061157
0 0.647436 0.557025 0.081197 0.056198
0 0.505342 0.469421 0.087607 0.056198
0 0.387821 0.745455 0.104701 0.079339
0 0.486111 0.771074 0.104701 0.067769
0 0.083333 0.248760 0.068376 0.047934
0 0.597222 0.757851 0.100427 0.071074
0 0.037393 0.497521 0.070513 0.066116
0 0.882479 0.314876 0.064103 0.047934
0 0.555556 0.542975 0.089744 0.054545
0 0.607906 0.357025 0.066239 0.052893
0 0.845085 0.232231 0.066239 0.044628
0 0.791667 0.438017 0.079060 0.049587
0 0.642094 0.656198 0.079060 0.069421
0 0.131410 0.375207 0.070513 0.042975
0 0.616453 0.299174 0.066239 0.052893
0 0.592949 0.488430 0.083333 0.054545
0 0.146368 0.280165 0.066239 0.044628
0 0.373932 0.513223 0.089744 0.057851
0 0.710470 0.197521 0.049145 0.038017
0 0.232906 0.215702 0.068376 0.047934
0 0.118590 0.495868 0.079060 0.062810
0 0.518162 0.606612 0.074786 0.059504
