0 0.355957 0.592448 0.116211 0.138021
0 0.457031 0.546224 0.105469 0.167969
0 0.567383 0.553385 0.115234 0.145833
0 0.332031 0.718750 0.115234 0.140625
0 0.786621 0.444661 0.116211 0.139323
0 0.647461 0.291667 0.138672 0.148438
0 0.345215 0.451172 0.114258 0.154948
0 0.234375 0.691406 0.105469 0.148438
0 0.684082 0.572917 0.127930 0.182292
0 0.666992 0.428385 0.123047 0.125000
0 0.780762 0.305990 0.131836 0.156250
0 0.249512 0.552083 0.116211 0.138021
0 0.246094 0.425130 0.103516 0.126302
0 0.545898 0.696615 0.117188 0.158854
0 0.235352 0.298828 0.097656 0.126302
0 0.786133 0.613281 0.111328 0.161458
0 0.666016 0.736979 0.130859 0.166667
0 0.447754 0.727214 0.114258 0.152344
0 0.519043 0.288411 0.118164 0.147135
0 0.435547 0.389323 0.119141 0.158854
0 0.343750 0.302083 0.117188 0.143229
0 0.547852 0.426432 0.111328 0.134115
