0 0.223077 0.916667 0.205128 0.166667
0 0.597436 0.928205 0.200000 0.143590
0 0.407692 0.367949 0.215385 0.238462
0 0.776923 0.402564 0.225641 0.215385
0 0.455128 0.069231 0.146154 0.133333
0 0.283333 0.065385 0.187179 0.125641
0 0.767949 0.839744 0.228205 0.238462
0 0.608974 0.288462 0.202564 0.192308
0 0.732051 0.601282 0.192308 0.187179
0 0.575641 0.483333 0.202564 0.192308
0 0.325641 0.588462 0.215385 0.207692
0 0.412821 0.203846 0.184615 0.146154
0 0.344872 0.791026 0.207692 0.197436
0 0.517949 0.680769 0.235897 0.228205
0 0.792308 0.243590 0.158974 0.123077
0 0.589744 0.116667 0.200000 0.182051
0 0.424359 0.903846 0.197436 0.192308
0 0.200000 0.432051 0.241026 0.202564
0 0.189744 0.712821 0.169231 0.179487
0 0.262821 0.201282 0.151282 0.161538
