0 0.461667 0.504167 0.098889 0.128333
0 0.392222 0.595000 0.086667 0.130000
0 0.606111 0.382500 0.078889 0.125000
0 0.571111 0.290833 0.084444 0.111667
0 0.487222 0.726667 0.090000 0.110000
0 0.481111 0.603333 0.086667 0.130000
0 0.338333 0.496667 0.085556 0.116667
0 0.635556 0.495833 0.080000 0.128333
0 0.578333 0.657500 0.103333 0.155000
0 0.456667 0.349167 0.080000 0.125000
0 0.378333 0.363333 0.081111 0.106667
0 0.568889 0.513333 0.095556 0.123333
0 0.421667 0.711667 0.076667 0.136667
0 0.530556 0.408333 0.098889 0.140000
0 0.401111 0.422500 0.091111 0.125000
