0 0.947778 0.416667 0.100000 0.166667
0 0.258889 0.210000 0.128889 0.173333
0 0.152222 0.735000 0.186667 0.253333
0 0.057778 0.515000 0.113333 0.236667
0 0.139444 0.124167 0.156667 0.238333
0 0.308333 0.811667 0.156667 0.240000
0 0.450000 0.801667 0.162222 0.260000
0 0.368889 0.264167 0.135556 0.198333
0 0.522222 0.028333 0.113333 0.053333
0 0.651667 0.057500 0.130000 0.111667
0 0.560000 0.915833 0.166667 0.161667
0 0.361667 0.090833 0.152222 0.178333
0 0.895000 0.552500 0.154444 0.221667
0 0.586111 0.492500 0.178889 0.261667
0 0.755000 0.445000 0.147778 0.243333
0 0.442778 0.400833 0.152222 0.275000
0 0.698889 0.877500 0.166667 0.245000
0 0.245556 0.393333 0.162222 0.243333
0 0.901111 0.920000 0.120000 0.153333
0 0.626111 0.695000 0.156667 0.230000
0 0.220556 0.595000 0.138889 0.206667
0 0.810000 0.215833 0.146667 0.198333
0 0.851111 0.377500 0.115556 0.175000
0 0.594444 0.275833 0.151111 0.205000
0 0.050000 0.189167 0.091111 0.188333
0 0.490000 0.161667 0.137778 0.216667
0 0.122222 0.334167 0.155556 0.241667
0 0.342778 0.564167 0.154444 0.241667
0 0.803333 0.702500 0.153333 0.225000
0 0.951111 0.639167 0.097778 0.205000
0 0.235556 0.905000 0.171111 0.153333
0 0.720556 0.130000 0.116667 0.160000
