0 0.501111 0.505926 0.068889 0.096296
0 0.076667 0.739259 0.057778 0.071111
0 0.498333 0.598519 0.065556 0.082963
0 0.866111 0.380741 0.078889 0.103704
0 0.559444 0.772593 0.052222 0.057778
0 0.598333 0.362963 0.072222 0.094815
0 0.600556 0.720000 0.067778 0.088889
0 0.719444 0.537037 0.081111 0.102222
0 0.340556 0.662963 0.072222 0.111111
0 0.896667 0.280741 0.086667 0.114074
0 0.645556 0.118519 0.102222 0.133333
0 0.093889 0.408148 0.112222 0.140741
0 0.800556 0.414074 0.078889 0.099259
0 0.099444 0.225185 0.101111 0.130370
0 0.548333 0.245926 0.076667 0.109630
0 0.944444 0.141481 0.091111 0.122963
0 0.343889 0.526667 0.074444 0.108148
0 0.463333 0.646667 0.062222 0.084444
0 0.596667 0.055556 0.097778 0.108148
0 0.194444 0.224444 0.033333 0.048889
0 0.408333 0.724444 0.065556 0.082963
