0 0.541504 0.708333 0.075195 0.074219
0 0.835938 0.650391 0.063477 0.080729
0 0.837646 0.890951 0.080566 0.110026
0 0.300781 0.894531 0.084961 0.115885
0 0.731689 0.518229 0.060059 0.072917
0 0.231201 0.796224 0.079590 0.098958
0 0.522461 0.870443 0.077148 0.105469
0 0.116211 0.522461 0.061523 0.063151
0 0.614014 0.921224 0.103027 0.136719
0 0.267334 0.523438 0.063965 0.075521
0 0.630615 0.719727 0.072754 0.091797
0 0.809570 0.437826 0.056641 0.054036
0 0.439209 0.680990 0.074707 0.067708
0 0.580811 0.800456 0.074707 0.100911
0 0.757324 0.832031 0.080078 0.095052
0 0.653076 0.653320 0.058105 0.077474
0 0.805664 0.552083 0.067383 0.082031
0 0.864014 0.454102 0.052246 0.069661
0 0.177246 0.507812 0.063477 0.083333
0 0.506592 0.949219 0.085449 0.101562
0 0.922607 0.486654 0.056152 0.069661
0 0.704346 0.448568 0.053223 0.065104
0 0.642822 0.571615 0.066895 0.074219
0 0.227295 0.681966 0.073730 0.094401
0 0.395020 0.635417 0.069336 0.092448
0 0.729736 0.932617 0.082520 0.106120
0 0.512939 0.767578 0.072754 0.105469
0 0.092285 0.445312 0.044922 0.048177
0 0.174072 0.778646 0.070801 0.101562
0 0.817627 0.490885 0.062012 0.061198
0 0.571045 0.654297 0.066895 0.076823
0 0.100342 0.756510 0.072754 0.088542
0 0.550049 0.449870 0.054199 0.065104
0 0.031738 0.749349 0.062500 0.082031
0 0.200439 0.602214 0.070801 0.079427
0 0.338379 0.606120 0.069336 0.091146
0 0.329102 0.520182 0.058594 0.067708
0 0.036865 0.679362 0.067871 0.073568
0 0.113037 0.881510 0.096191 0.110677
0 0.540527 0.707031 0.075195 0.074219
0 0.684082 0.800456 0.075195 0.104818
0 0.370605 0.844076 0.092773 0.120443
0 0.429199 0.760742 0.082031 0.111328
0 0.936523 0.777344 0.072266 0.101562
0 0.128906 0.463216 0.063477 0.063151
0 0.420654 0.923828 0.097168 0.132812
0 0.441895 0.482747 0.055664 0.068359
0 0.903564 0.537109 0.066895 0.071615
0 0.393066 0.429362 0.051758 0.063151
0 0.348145 0.762695 0.076172 0.090495
0 0.747803 0.414062 0.059082 0.061198
0 0.501465 0.421549 0.053711 0.064453
0 0.296875 0.684245 0.068359 0.088542
0 0.072998 0.597982 0.077637 0.095703
0 0.865234 0.783854 0.072266 0.101562
0 0.755127 0.716471 0.074707 0.094401
0 0.589355 0.528320 0.057617 0.080078
0 0.385254 0.494466 0.055664 0.068359
