0 0.875000 0.802734 0.250000 0.205469
0 0.084896 0.741406 0.167708 0.173438
0 0.838542 0.397656 0.208333 0.117188
0 0.104167 0.486719 0.137500 0.084375
0 0.276562 0.485938 0.128125 0.065625
0 0.458333 0.919141 0.306250 0.161719
0 0.345313 0.360547 0.117708 0.078906
0 0.884375 0.625391 0.218750 0.166406
0 0.678646 0.237109 0.105208 0.072656
0 0.494792 0.545312 0.139583 0.126562
0 0.963542 0.409766 0.068750 0.122656
0 0.400000 0.575000 0.139583 0.126562
0 0.255208 0.423828 0.129167 0.086719
0 0.626042 0.311328 0.097917 0.075781
0 0.894792 0.247266 0.089583 0.061719
0 0.141146 0.916406 0.280208 0.165625
0 0.538021 0.337109 0.126042 0.086719
0 0.201042 0.662109 0.183333 0.117969
0 0.314063 0.844141 0.278125 0.203906
0 0.681250 0.739063 0.243750 0.204688
0 0.879167 0.201953 0.095833 0.072656
0 0.464583 0.328516 0.097917 0.075781
0 0.892708 0.245703 0.089583 0.061719
0 0.633333 0.559766 0.218750 0.166406
0 0.729688 0.259375 0.109375 0.057813
0 0.786458 0.211328 0.095833 0.072656
0 0.400521 0.416797 0.121875 0.091406
