0 0.358571 0.337143 0.077143 0.051429
0 0.251429 0.442857 0.074286 0.045714
0 0.355714 0.172857 0.088571 0.071429
0 0.680000 0.415714 0.080000 0.054286
0 0.295714 0.151429 0.065714 0.068571
0 0.118571 0.461429 0.088571 0.060000
0 0.172857 0.590000 0.088571 0.060000
0 0.677143 0.578571 0.068571 0.048571
0 0.570000 0.240000 0.088571 0.057143
0 0.775714 0.278571 0.105714 0.065714
0 0.565714 0.274286 0.074286 0.057143
0 0.494286 0.265714 0.074286 0.057143
0 0.550000 0.147143 0.082857 0.065714
0 0.238571 0.311429 0.077143 0.051429
0 0.625714 0.068571 0.085714 0.080000
