0 0.745556 0.266962 0.051111 0.091445
0 0.478889 0.116519 0.077778 0.103245
0 0.336667 0.575221 0.051111 0.070796
0 0.573333 0.395280 0.057778 0.082596
0 0.798889 0.159292 0.068889 0.100295
0 0.622222 0.707965 0.040000 0.058997
0 0.500000 0.594395 0.044444 0.061947
0 0.582222 0.653392 0.040000 0.056047
0 0.920000 0.207965 0.066667 0.097345
0 0.491111 0.328909 0.080000 0.109145
0 0.865556 0.174041 0.082222 0.112094
0 0.420000 0.591445 0.044444 0.061947
0 0.428889 0.255162 0.080000 0.120944
0 0.792222 0.253687 0.077778 0.106195
0 0.213333 0.617994 0.071111 0.056047
0 0.737778 0.128319 0.062222 0.085546
