0 0.180664 0.179688 0.082031 0.076172
0 0.367676 0.406738 0.100586 0.077148
0 0.691895 0.486816 0.079102 0.079102
0 0.305176 0.788574 0.096680 0.122070
0 0.615723 0.561035 0.094727 0.086914
0 0.146484 0.045410 0.068359 0.067383
0 0.687988 0.614258 0.073242 0.074219
0 0.267090 0.157227 0.075195 0.070312
0 0.919922 0.393555 0.087891 0.097656
0 0.978516 0.817383 0.042969 0.072266
0 0.875977 0.744141 0.095703 0.093750
0 0.027832 0.113770 0.053711 0.069336
0 0.399902 0.789551 0.122070 0.137695
0 0.412109 0.131348 0.097656 0.088867
0 0.547363 0.268066 0.075195 0.069336
0 0.974121 0.641602 0.049805 0.066406
0 0.364746 0.502441 0.102539 0.090820
0 0.302246 0.085449 0.086914 0.075195
