0 0.783594 0.428844 0.126562 0.085960
0 0.379688 0.557307 0.137500 0.077364
0 0.660938 0.363897 0.165625 0.101242
0 0.639844 0.560172 0.157813 0.098376
0 0.289844 0.404967 0.110938 0.063037
0 0.400000 0.404489 0.137500 0.088825
0 0.541406 0.382999 0.095313 0.055396
0 0.282813 0.328558 0.125000 0.082139
0 0.678906 0.265998 0.148438 0.096466
0 0.561719 0.519102 0.142187 0.085005
0 0.689063 0.483286 0.146875 0.091691
0 0.335938 0.635626 0.125000 0.073543
0 0.692188 0.628940 0.131250 0.079274
0 0.353906 0.213945 0.126562 0.053486
