0 0.482813 0.266979 0.028125 0.042155
0 0.187500 0.146370 0.040625 0.058548
0 0.077344 0.088993 0.048438 0.065574
0 0.374219 0.406323 0.026563 0.039813
0 0.657813 0.197892 0.040625 0.063232
0 0.973438 0.268150 0.031250 0.049180
0 0.675781 0.399297 0.035938 0.058548
0 0.105469 0.204918 0.048438 0.067916
0 0.257031 0.040984 0.029688 0.053864
0 0.392188 0.559719 0.028125 0.037471
0 0.675781 0.331382 0.035938 0.058548
0 0.406250 0.625293 0.028125 0.037471
0 0.655469 0.485948 0.032813 0.049180
0 0.437500 0.401639 0.031250 0.044496
0 0.220313 0.207260 0.040625 0.058548
