0 0.880000 0.903571 0.055385 0.078571
0 0.577692 0.404762 0.060000 0.100000
0 0.396154 0.120238 0.081538 0.121429
0 0.511538 0.826190 0.032308 0.047619
0 0.418462 0.517857 0.058462 0.092857
0 0.558462 0.791667 0.055385 0.078571
0 0.522308 0.090476 0.056923 0.080952
0 0.625385 0.488095 0.063077 0.090476
0 0.270769 0.361905 0.076923 0.104762
0 0.787692 0.489286 0.046154 0.069048
0 0.973846 0.432143 0.049231 0.097619
0 0.403846 0.435714 0.069231 0.100000
0 0.464615 0.122619 0.058462 0.097619
0 0.491538 0.519048 0.056923 0.090476
0 0.543077 0.477381 0.064615 0.102381
0 0.208462 0.228571 0.084615 0.138095
0 0.710000 0.805952 0.056923 0.092857
0 0.886923 0.553571 0.056923 0.097619
0 0.802308 0.916667 0.038462 0.057143
0 0.706154 0.461905 0.052308 0.085714
