0 0.383854 0.068056 0.060417 0.106481
0 0.067969 0.575463 0.047396 0.084259
0 0.412760 0.913426 0.040104 0.062037
0 0.514062 0.244907 0.063542 0.110185
0 0.138542 0.463889 0.057292 0.085185
0 0.139844 0.815278 0.060937 0.095370
0 0.126042 0.635185 0.047917 0.083333
0 0.922917 0.949537 0.144792 0.100926
0 0.286719 0.807407 0.064062 0.074074
0 0.671615 0.401389 0.051562 0.084259
0 0.586198 0.456944 0.082812 0.139815
0 0.561719 0.570370 0.077604 0.109259
0 0.554167 0.706481 0.069792 0.118519
0 0.058333 0.743981 0.061458 0.112037
0 0.603906 0.287963 0.052604 0.105556
0 0.151823 0.535185 0.053646 0.088889
