0 0.105417 0.133000 0.055833 0.082000
0 0.174167 0.754000 0.053333 0.124000
0 0.376667 0.513000 0.025000 0.066000
0 0.136250 0.637000 0.039167 0.058000
0 0.313750 0.073000 0.040833 0.114000
0 0.293750 0.152000 0.049167 0.096000
0 0.347083 0.516000 0.039167 0.096000
0 0.033333 0.073000 0.065000 0.142000
0 0.069583 0.366000 0.072500 0.152000
0 0.022083 0.956000 0.042500 0.084000
0 0.374167 0.630000 0.038333 0.088000
0 0.156250 0.515000 0.022500 0.078000
0 0.226250 0.796000 0.067500 0.156000
0 0.160417 0.033000 0.055833 0.062000
0 0.313750 0.468000 0.044167 0.096000
0 0.366667 0.122000 0.038333 0.092000
0 0.107500 0.052000 0.056667 0.100000
0 0.518750 0.363000 0.040833 0.114000
