0 0.139474 0.478947 0.044737 0.052632
0 0.441447 0.271053 0.043421 0.061404
0 0.309211 0.228070 0.034211 0.045614
0 0.193421 0.272807 0.036842 0.050877
0 0.570395 0.288596 0.046053 0.064912
0 0.300658 0.178947 0.030263 0.031579
0 0.205263 0.464035 0.034211 0.040351
0 0.836842 0.402632 0.039474 0.036842
0 0.124342 0.607895 0.035526 0.043860
0 0.081579 0.611404 0.039474 0.043860
0 0.595395 0.469298 0.072368 0.100000
0 0.485526 0.155263 0.036842 0.050877
0 0.634868 0.528070 0.080263 0.080702
0 0.637500 0.300000 0.046053 0.063158
0 0.600000 0.314912 0.028947 0.022807
0 0.785526 0.921053 0.060526 0.077193
0 0.903289 0.870175 0.040789 0.045614
0 0.732237 0.794737 0.032895 0.045614
0 0.395395 0.642982 0.027632 0.036842
0 0.175658 0.518421 0.035526 0.036842
0 0.617105 0.492982 0.100000 0.140351
0 0.285526 0.313158 0.086842 0.114035
0 0.601974 0.154386 0.040789 0.049123
0 0.803289 0.488596 0.067105 0.047368
0 0.042763 0.945614 0.082895 0.098246
0 0.934211 0.820175 0.060526 0.068421
0 0.339474 0.567544 0.039474 0.050877
0 0.415132 0.196491 0.032895 0.042105
0 0.514474 0.594737 0.036842 0.049123
0 0.562500 0.164912 0.043421 0.056140
0 0.055921 0.722807 0.038158 0.049123
0 0.654605 0.164035 0.040789 0.054386
0 0.171711 0.350000 0.046053 0.061404
0 0.811184 0.372807 0.048684 0.061404
0 0.370395 0.201754 0.032895 0.045614
0 0.302632 0.390351 0.076316 0.089474
0 0.667105 0.872807 0.060526 0.082456
0 0.725658 0.350877 0.046053 0.059649
0 0.392763 0.219298 0.017105 0.028070
0 0.076974 0.476316 0.080263 0.092982
0 0.791447 0.260526 0.040789 0.057895
0 0.519079 0.812281 0.056579 0.084211
0 0.423684 0.231579 0.044737 0.056140
0 0.423684 0.313158 0.031579 0.043860
