0 0.708585 0.507258 0.048368 0.059677
0 0.878476 0.662903 0.061669 0.070968
0 0.324667 0.450806 0.059250 0.085484
0 0.150544 0.758065 0.068924 0.087097
0 0.704353 0.929032 0.044740 0.058065
0 0.363362 0.562903 0.061669 0.090323
0 0.613664 0.966935 0.061669 0.066129
0 0.059250 0.822581 0.055623 0.083871
0 0.292624 0.700000 0.058041 0.080645
0 0.467956 0.379032 0.060459 0.083871
0 0.392382 0.963710 0.054414 0.062903
0 0.017533 0.829032 0.032648 0.074194
0 0.119710 0.694355 0.031439 0.069355
0 0.584643 0.707258 0.061669 0.091935
0 0.093108 0.495968 0.050786 0.059677
0 0.765417 0.404032 0.050786 0.062903
0 0.307134 0.565323 0.053204 0.088710
0 0.477025 0.458871 0.061669 0.095161
0 0.821644 0.588710 0.047158 0.070968
0 0.524184 0.954032 0.049577 0.075806
0 0.535671 0.450806 0.053204 0.075806
0 0.704958 0.449194 0.048368 0.059677
0 0.027207 0.966129 0.049577 0.067742
0 0.380290 0.448387 0.051995 0.070968
0 0.073761 0.938710 0.055623 0.080645
0 0.780532 0.512903 0.054414 0.077419
0 0.573156 0.604032 0.065296 0.079032
0 0.472189 0.721774 0.051995 0.059677
0 0.212817 0.458065 0.053204 0.074194
0 0.812576 0.671774 0.062878 0.082258
0 0.085248 0.582258 0.068924 0.077419
0 0.624547 0.731452 0.049577 0.079032
