0 0.412069 0.780460 0.031034 0.057471
0 0.934483 0.320690 0.065517 0.080460
0 0.339655 0.534483 0.044828 0.066667
0 0.551724 0.550575 0.051724 0.071264
0 0.465517 0.337931 0.037931 0.055172
0 0.203448 0.460920 0.055172 0.071264
0 0.496552 0.637931 0.055172 0.066667
0 0.655172 0.757471 0.041379 0.066667
0 0.378448 0.793103 0.039655 0.059770
0 0.506034 0.378161 0.029310 0.043678
0 0.692241 0.486207 0.056897 0.071264
0 0.805172 0.705747 0.062069 0.082759
0 0.879310 0.794253 0.075862 0.080460
0 0.205172 0.582759 0.055172 0.071264
0 0.293966 0.577011 0.039655 0.059770
0 0.415517 0.382759 0.031034 0.048276
0 0.293966 0.466667 0.043103 0.055172
0 0.251724 0.460920 0.041379 0.062069
0 0.253448 0.588506 0.037931 0.055172
0 0.569828 0.740230 0.043103 0.064368
0 0.664655 0.618391 0.063793 0.073563
