0 0.193056 0.529703 0.030556 0.059406
0 0.692361 0.032178 0.031944 0.054455
0 0.759028 0.116337 0.031944 0.049505
0 0.070833 0.728960 0.027778 0.047030
0 0.293056 0.231436 0.038889 0.076733
0 0.837500 0.700495 0.025000 0.054455
0 0.758333 0.611386 0.030556 0.044554
0 0.570139 0.405941 0.029167 0.049505
0 0.572917 0.904703 0.029167 0.047030
0 0.334722 0.204208 0.022222 0.051980
0 0.563889 0.814356 0.025000 0.039604
0 0.778472 0.780941 0.034722 0.061881
0 0.775000 0.851485 0.038889 0.064356
0 0.031944 0.867574 0.033333 0.056931
0 0.078472 0.761139 0.029167 0.051980
0 0.069444 0.405941 0.030556 0.049505
0 0.294444 0.724010 0.041667 0.076733
0 0.775694 0.351485 0.040278 0.064356
0 0.258333 0.611386 0.030556 0.044554
0 0.837500 0.202970 0.025000 0.054455
0 0.531250 0.867574 0.029167 0.051980
0 0.693056 0.529703 0.030556 0.059406
0 0.796528 0.725248 0.040278 0.074257
0 0.569444 0.236386 0.030556 0.056931
0 0.339583 0.248762 0.026389 0.032178
0 0.065972 0.811881 0.023611 0.039604
0 0.063194 0.314356 0.023611 0.039604
0 0.338889 0.699257 0.025000 0.056931
0 0.840972 0.248762 0.026389 0.037129
0 0.191667 0.032178 0.030556 0.059406
0 0.256944 0.115099 0.030556 0.047030
0 0.275694 0.783416 0.029167 0.066832
0 0.779167 0.287129 0.038889 0.059406
0 0.068750 0.233911 0.029167 0.051980
0 0.796528 0.231436 0.040278 0.076733
0 0.071528 0.903465 0.029167 0.049505
0 0.529861 0.370050 0.034722 0.056931
0 0.028472 0.370050 0.031944 0.056931
0 0.071528 0.247525 0.037500 0.084158
