0 0.888268 0.311433 0.114525 0.151877
0 0.207402 0.725256 0.113128 0.133106
0 0.545391 0.548635 0.141061 0.158703
0 0.118017 0.220137 0.149441 0.163823
0 0.689944 0.079352 0.136872 0.151877
0 0.567737 0.354096 0.115922 0.151877
0 0.914106 0.679181 0.146648 0.177474
0 0.835894 0.553754 0.138268 0.121160
0 0.698324 0.893345 0.148045 0.172355
0 0.245810 0.551195 0.075419 0.119454
0 0.192737 0.279863 0.108939 0.160410
0 0.372207 0.512799 0.101955 0.138225
0 0.768855 0.658703 0.146648 0.177474
0 0.150140 0.557167 0.099162 0.104096
0 0.483939 0.459044 0.118715 0.129693
0 0.821229 0.166382 0.106145 0.127986
0 0.592179 0.698805 0.117318 0.131399
0 0.914106 0.070819 0.152235 0.138225
0 0.724162 0.362628 0.115922 0.151877
