0 0.438776 0.682962 0.072886 0.053243
0 0.768950 0.683930 0.065598 0.043562
0 0.213557 0.367377 0.086006 0.043562
0 0.429300 0.816554 0.077259 0.057115
0 0.768222 0.958374 0.064140 0.048403
0 0.421283 0.173282 0.081633 0.056147
0 0.648688 0.770571 0.072886 0.040658
0 0.199708 0.708132 0.072886 0.047435
0 0.367347 0.623911 0.078717 0.045499
0 0.566327 0.277832 0.071429 0.048403
0 0.083819 0.406099 0.080175 0.043562
0 0.216472 0.660697 0.065598 0.043562
0 0.620991 0.868829 0.064140 0.043562
0 0.668367 0.696031 0.068513 0.040658
0 0.346939 0.686834 0.072886 0.053243
0 0.645044 0.665053 0.059767 0.036786
0 0.575802 0.818974 0.069971 0.044530
0 0.461370 0.530978 0.071429 0.049371
0 0.494898 0.158761 0.074344 0.058083
0 0.675656 0.166021 0.077259 0.045499
0 0.346939 0.779768 0.064140 0.043562
0 0.282799 0.724589 0.067055 0.045499
0 0.807580 0.660697 0.067055 0.045499
0 0.612245 0.534366 0.078717 0.056147
