0 0.379203 0.583420 0.046912 0.055266
0 0.407349 0.637643 0.046912 0.055266
0 0.177482 0.814911 0.035966 0.042753
0 0.948397 0.064129 0.082877 0.126173
0 0.290070 0.039625 0.070367 0.077164
0 0.802189 0.215850 0.067240 0.052138
0 0.320954 0.906674 0.041439 0.057351
0 0.154808 0.283629 0.057858 0.075078
0 0.160281 0.379562 0.032838 0.045881
0 0.180219 0.958811 0.033620 0.040667
0 0.235340 0.216893 0.056294 0.068822
0 0.426505 0.169447 0.068022 0.088634
0 0.777561 0.678311 0.050821 0.057351
0 0.824472 0.282065 0.032056 0.061522
0 0.227131 0.118352 0.041439 0.053180
0 0.236513 0.163712 0.063331 0.068822
0 0.344801 0.287278 0.050039 0.044838
0 0.637608 0.739833 0.094605 0.113660
0 0.497263 0.558916 0.146990 0.156413
0 0.115715 0.818040 0.025020 0.034411
0 0.297107 0.374348 0.059421 0.062565
0 0.146208 0.763816 0.028147 0.032325
0 0.891712 0.257039 0.088350 0.099062
0 0.699375 0.765381 0.053948 0.064651
0 0.222048 0.583420 0.046912 0.055266
0 0.478499 0.276851 0.046912 0.065693
0 0.560203 0.453076 0.125880 0.151199
0 0.785379 0.212722 0.043002 0.045881
0 0.867475 0.803962 0.058640 0.066736
0 0.125098 0.777894 0.029711 0.033368
0 0.820172 0.862878 0.056294 0.071950
0 0.405004 0.076642 0.082877 0.109489
0 0.274042 0.904067 0.038311 0.052138
0 0.455043 0.396246 0.053167 0.072993
0 0.305317 0.630865 0.050821 0.058394
0 0.133698 0.686131 0.032838 0.035454
0 0.817826 0.218978 0.034402 0.045881
0 0.665754 0.161627 0.135262 0.168926
0 0.525410 0.257560 0.064113 0.077164
0 0.847146 0.888425 0.057076 0.068822
0 0.893276 0.055787 0.043002 0.103233
0 0.232995 0.523983 0.046912 0.055266
0 0.196247 0.741919 0.035966 0.042753
0 0.349492 0.626173 0.039093 0.049009
0 0.488272 0.710115 0.050821 0.058394
0 0.173964 0.242961 0.049257 0.064651
0 0.833073 0.666840 0.050821 0.057351
0 0.291243 0.876434 0.044566 0.057351
0 0.373729 0.316997 0.051603 0.064651
