0 0.138776 0.389205 0.134694 0.181818
0 0.951020 0.492898 0.061224 0.059659
0 0.976531 0.305398 0.046939 0.099432
0 0.308163 0.424716 0.118367 0.133523
0 0.223469 0.518466 0.124490 0.173295
0 0.679592 0.602273 0.081633 0.130682
0 0.568367 0.362216 0.124490 0.173295
0 0.327551 0.541193 0.095918 0.127841
0 0.772449 0.657670 0.075510 0.099432
0 0.650000 0.433239 0.116327 0.167614
0 0.890816 0.208807 0.063265 0.076705
0 0.686735 0.822443 0.075510 0.099432
0 0.460204 0.463068 0.128571 0.153409
0 0.720408 0.291193 0.077551 0.105114
0 0.261224 0.311080 0.134694 0.184659
0 0.748980 0.602273 0.081633 0.130682
