0 0.562012 0.275482 0.053711 0.068871
0 0.393066 0.046143 0.051758 0.075758
0 0.514160 0.406336 0.055664 0.074380
0 0.522949 0.579201 0.057617 0.073003
0 0.155762 0.369146 0.040039 0.049587
0 0.680664 0.413912 0.064453 0.086777
0 0.865723 0.474518 0.059570 0.078512
0 0.830078 0.776860 0.023438 0.038567
0 0.339844 0.201102 0.050781 0.063361
0 0.365234 0.289945 0.052734 0.075758
0 0.877930 0.632920 0.060547 0.086777
0 0.352539 0.469697 0.033203 0.044077
0 0.847656 0.108815 0.044922 0.063361
0 0.465820 0.427686 0.054688 0.081267
0 0.850098 0.763774 0.063477 0.084022
0 0.615234 0.325758 0.046875 0.059229
0 0.528320 0.168044 0.058594 0.082645
0 0.089844 0.037879 0.052734 0.067493
0 0.642578 0.473829 0.062500 0.082645
0 0.814453 0.371901 0.056641 0.060606
0 0.482910 0.522727 0.063477 0.084022
0 0.811035 0.592287 0.051758 0.068871
0 0.666992 0.094353 0.050781 0.067493
0 0.328613 0.280992 0.040039 0.055096
