0 0.755556 0.457429 0.042222 0.060100
0 0.657778 0.633556 0.031111 0.051753
0 0.778889 0.660267 0.060000 0.078464
0 0.108889 0.514190 0.026667 0.043406
0 0.251111 0.498331 0.040000 0.058431
0 0.110556 0.274624 0.078889 0.115192
0 0.533333 0.525876 0.033333 0.050083
0 0.905556 0.273790 0.048889 0.073456
0 0.169444 0.099332 0.052222 0.078464
0 0.410000 0.336394 0.044444 0.071786
0 0.958333 0.027546 0.074444 0.051753
0 0.462222 0.391486 0.037778 0.061770
0 0.783333 0.227880 0.053333 0.078464
0 0.628333 0.597663 0.027778 0.036728
0 0.828889 0.282137 0.046667 0.083472
0 0.877222 0.563439 0.054444 0.078464
0 0.873333 0.116027 0.064444 0.091820
0 0.956667 0.199499 0.048889 0.071786
0 0.871667 0.621870 0.052222 0.051753
0 0.030556 0.383139 0.058889 0.105175
0 0.082778 0.505008 0.027778 0.045075
0 0.258889 0.604341 0.031111 0.043406
0 0.535000 0.414023 0.034444 0.053422
0 0.870556 0.419866 0.056667 0.088481
0 0.616111 0.509182 0.047778 0.063439
0 0.701111 0.500000 0.033333 0.055092
0 0.981667 0.297162 0.036667 0.076795
0 0.383333 0.498331 0.037778 0.051753
0 0.801667 0.482471 0.058889 0.086811
0 0.478889 0.070117 0.028889 0.046745
