0 0.850000 0.486000 0.060000 0.048000
0 0.152000 0.287000 0.042667 0.028000
0 0.743333 0.412000 0.054667 0.042000
0 0.454000 0.402500 0.041333 0.037000
0 0.052000 0.849000 0.101333 0.084000
0 0.343333 0.108500 0.044000 0.037000
0 0.273333 0.222500 0.032000 0.027000
0 0.316667 0.522000 0.052000 0.036000
0 0.280000 0.044000 0.048000 0.040000
0 0.832000 0.524000 0.058667 0.042000
0 0.868667 0.545500 0.052000 0.039000
0 0.266000 0.492500 0.062667 0.051000
0 0.534667 0.404500 0.053333 0.037000
0 0.142000 0.466000 0.062667 0.046000
0 0.164000 0.495500 0.053333 0.037000
0 0.372000 0.058500 0.048000 0.041000
0 0.240000 0.209500 0.037333 0.031000
0 0.946000 0.507500 0.065333 0.049000
0 0.471333 0.247500 0.038667 0.029000
0 0.330000 0.217500 0.038667 0.031000
0 0.902000 0.470500 0.065333 0.049000
0 0.191333 0.275500 0.038667 0.027000
