0 0.244375 0.539613 0.023750 0.036972
0 0.686875 0.532570 0.041250 0.061620
0 0.396875 0.514085 0.051250 0.073944
0 0.896875 0.684859 0.028750 0.038732
0 0.188125 0.500000 0.033750 0.045775
0 0.791875 0.503521 0.028750 0.038732
0 0.560000 0.608275 0.037500 0.051056
0 0.953750 0.628521 0.032500 0.035211
0 0.276250 0.808099 0.032500 0.045775
0 0.827500 0.647887 0.027500 0.035211
0 0.211250 0.093310 0.032500 0.042254
0 0.570000 0.489437 0.047500 0.052817
0 0.704375 0.733275 0.036250 0.047535
0 0.599375 0.390845 0.046250 0.063380
0 0.618750 0.293134 0.047500 0.068662
0 0.075625 0.433099 0.043750 0.063380
0 0.159375 0.139965 0.041250 0.058099
0 0.388125 0.244718 0.043750 0.066901
0 0.511875 0.470951 0.041250 0.058099
0 0.486875 0.657570 0.033750 0.047535
0 0.850625 0.749120 0.028750 0.036972
0 0.890000 0.563380 0.037500 0.049296
0 0.034375 0.268486 0.036250 0.047535
0 0.770000 0.426937 0.047500 0.068662
0 0.664375 0.637324 0.036250 0.052817
0 0.031875 0.457746 0.036250 0.042254
0 0.855625 0.654930 0.028750 0.038732
0 0.400000 0.122359 0.050000 0.075704
0 0.125000 0.419894 0.045000 0.072183
0 0.359375 0.579225 0.051250 0.063380
0 0.711875 0.655810 0.033750 0.047535
0 0.734375 0.840669 0.036250 0.047535
0 0.869375 0.692782 0.031250 0.040493
