0 0.194792 0.520938 0.072917 0.106875
0 0.845000 0.531563 0.065833 0.095625
0 0.825000 0.151563 0.094167 0.148125
0 0.377500 0.665000 0.075000 0.116250
0 0.966250 0.735313 0.065833 0.089375
0 0.142917 0.558125 0.073333 0.121250
0 0.806458 0.520000 0.056250 0.098750
0 0.647292 0.565625 0.081250 0.125000
0 0.362708 0.504062 0.080417 0.139375
0 0.088750 0.086563 0.075000 0.091875
0 0.703333 0.669687 0.063333 0.106875
0 0.695000 0.085938 0.095000 0.153125
0 0.528125 0.290000 0.094583 0.140000
0 0.473958 0.539687 0.071250 0.115625
0 0.590625 0.230313 0.084583 0.145625
0 0.587500 0.822188 0.067500 0.115625
0 0.280417 0.635625 0.073333 0.097500
0 0.263542 0.258125 0.104583 0.140000
0 0.790625 0.641250 0.063750 0.092500
0 0.652292 0.675000 0.081250 0.125000
0 0.086875 0.753437 0.063750 0.125625
