0 0.238846 0.600521 0.097692 0.134375
0 0.527692 0.392188 0.084615 0.117708
0 0.722308 0.567708 0.076923 0.114583
0 0.715000 0.852083 0.082308 0.108333
0 0.503846 0.496875 0.078462 0.104167
0 0.281538 0.451562 0.093846 0.134375
0 0.695385 0.648438 0.080000 0.096875
0 0.270769 0.711458 0.103077 0.141667
0 0.208462 0.456250 0.070769 0.102083
0 0.383077 0.866667 0.101538 0.079167
0 0.336538 0.152604 0.083846 0.121875
0 0.200769 0.356771 0.070769 0.090625
0 0.176923 0.710417 0.092308 0.137500
0 0.296538 0.229167 0.070000 0.112500
0 0.133846 0.863542 0.092308 0.085417
0 0.371538 0.253125 0.076923 0.104167
0 0.643462 0.871875 0.079231 0.068750
0 0.635385 0.487500 0.078462 0.104167
0 0.354615 0.669792 0.092308 0.137500
0 0.441154 0.416146 0.083846 0.119792
0 0.175385 0.537500 0.096923 0.122917
