0 0.543519 0.587654 0.035185 0.034568
0 0.566667 0.603704 0.038889 0.029630
0 0.305556 0.517901 0.053704 0.060494
0 0.553704 0.632716 0.042593 0.033333
0 0.814352 0.709877 0.049074 0.046914
0 0.378241 0.491358 0.032407 0.037037
0 0.592130 0.628395 0.037963 0.046914
0 0.409722 0.525926 0.041667 0.044444
0 0.497685 0.627778 0.047222 0.045679
0 0.732870 0.469136 0.036111 0.044444
0 0.440278 0.509877 0.043519 0.056790
0 0.619907 0.258642 0.037963 0.038272
0 0.480093 0.504938 0.043519 0.064198
0 0.351852 0.517901 0.040741 0.045679
0 0.629630 0.494444 0.042593 0.040741
