0 0.806641 0.414062 0.109375 0.156250
0 0.396973 0.827474 0.092773 0.126302
0 0.619629 0.871745 0.079102 0.102865
0 0.535156 0.580078 0.091797 0.149740
0 0.494141 0.850911 0.082031 0.118490
0 0.089355 0.760417 0.088867 0.111979
0 0.461426 0.430339 0.081055 0.087240
0 0.583008 0.261068 0.119141 0.170573
0 0.747559 0.516927 0.032227 0.054688
0 0.375488 0.452474 0.084961 0.136719
0 0.284180 0.455729 0.097656 0.130208
0 0.148438 0.112630 0.068359 0.074219
0 0.248047 0.739583 0.089844 0.111979
0 0.879395 0.686849 0.069336 0.055990
0 0.928223 0.763672 0.061523 0.063802
0 0.249023 0.860677 0.064453 0.098958
0 0.140137 0.500651 0.034180 0.055990
0 0.898926 0.722656 0.055664 0.052083
0 0.974609 0.758464 0.048828 0.058594
0 0.483887 0.964193 0.036133 0.071615
