0 0.838180 0.105000 0.072233 0.097500
0 0.667448 0.794375 0.115385 0.143750
0 0.758443 0.688750 0.083490 0.100000
0 0.195591 0.660625 0.151032 0.193750
0 0.144934 0.178750 0.107880 0.207500
0 0.918856 0.308125 0.047842 0.051250
0 0.253752 0.198125 0.121013 0.183750
0 0.147749 0.380000 0.044090 0.055000
0 0.451689 0.148750 0.066604 0.097500
0 0.159006 0.435000 0.038462 0.052500
0 0.150563 0.511875 0.029081 0.036250
0 0.128049 0.268125 0.045966 0.058750
0 0.419325 0.666250 0.146341 0.180000
0 0.202627 0.887500 0.170732 0.207500
0 0.704034 0.517500 0.109756 0.145000
0 0.319887 0.423125 0.052533 0.068750
0 0.961538 0.380625 0.076923 0.113750
0 0.036585 0.315000 0.045028 0.060000
0 0.601313 0.488125 0.106942 0.143750
0 0.798780 0.494375 0.081614 0.121250
0 0.452627 0.326875 0.122889 0.173750
0 0.781895 0.200625 0.029081 0.036250
