0 0.830469 0.152564 0.101562 0.130769
0 0.197656 0.566667 0.070312 0.112821
0 0.057031 0.517949 0.064063 0.117949
0 0.172656 0.874359 0.067187 0.092308
0 0.592969 0.242308 0.089063 0.130769
0 0.251563 0.819231 0.075000 0.120513
0 0.588281 0.900000 0.067187 0.123077
0 0.709375 0.728205 0.059375 0.112821
0 0.695312 0.096154 0.093750 0.161538
0 0.649219 0.623077 0.079688 0.138462
0 0.657813 0.734615 0.068750 0.125641
0 0.033594 0.787179 0.057813 0.117949
0 0.142969 0.614103 0.070312 0.125641
0 0.844531 0.587179 0.067187 0.102564
0 0.267188 0.276923 0.103125 0.153846
0 0.090625 0.838462 0.068750 0.092308
0 0.791406 0.700000 0.067187 0.102564
0 0.527344 0.320513 0.092188 0.138462
0 0.373438 0.726923 0.078125 0.135897
0 0.087500 0.821795 0.068750 0.135897
0 0.282813 0.688462 0.075000 0.120513
0 0.475781 0.589744 0.070312 0.128205
0 0.364063 0.547436 0.078125 0.146154
