0 0.494907 0.601389 0.049074 0.088889
0 0.133796 0.268750 0.045370 0.073611
0 0.604167 0.536111 0.054630 0.094444
0 0.784722 0.070833 0.065741 0.116667
0 0.696759 0.084028 0.047222 0.054167
0 0.952778 0.289583 0.025926 0.037500
0 0.971759 0.371528 0.025000 0.040278
0 0.724537 0.325000 0.023148 0.050000
0 0.174074 0.679861 0.033333 0.062500
0 0.633796 0.161111 0.062037 0.108333
0 0.706944 0.529167 0.049074 0.086111
0 0.648148 0.757639 0.025926 0.037500
0 0.856019 0.080556 0.075000 0.127778
0 0.944444 0.585417 0.027778 0.043056
0 0.115741 0.272222 0.074074 0.075000
0 0.196296 0.455556 0.031481 0.063889
0 0.743056 0.280556 0.025000 0.044444
0 0.060185 0.375694 0.042593 0.076389
0 0.922222 0.284028 0.024074 0.040278
0 0.933333 0.545833 0.027778 0.047222
0 0.927315 0.637500 0.030556 0.047222
0 0.902315 0.332639 0.023148 0.034722
0 0.164352 0.442361 0.037963 0.051389
0 0.694907 0.105556 0.050926 0.075000
