0 0.044583 0.429208 0.087500 0.084857
0 0.956667 0.111814 0.086667 0.061416
0 0.131667 0.411861 0.140000 0.075481
0 0.880417 0.595874 0.135833 0.068448
0 0.968750 0.481950 0.062500 0.087201
0 0.549167 0.415143 0.150000 0.081106
0 0.455833 0.473746 0.146667 0.082982
0 0.514167 0.095874 0.128333 0.067042
0 0.159167 0.169714 0.168333 0.086263
0 0.631250 0.269573 0.054167 0.031880
0 0.949167 0.764416 0.101667 0.082044
0 0.242917 0.275902 0.159167 0.071730
0 0.383333 0.328645 0.120000 0.062822
0 0.157083 0.581810 0.142500 0.075012
0 0.887500 0.373887 0.140000 0.052977
0 0.068750 0.525316 0.135833 0.080169
