0 0.048828 0.567361 0.096094 0.198611
0 0.968750 0.086806 0.062500 0.081944
0 0.454688 0.759028 0.139063 0.270833
0 0.576172 0.434722 0.141406 0.202778
0 0.892578 0.075000 0.099219 0.147222
0 0.386328 0.540278 0.155469 0.172222
0 0.389453 0.415278 0.124219 0.163889
0 0.692188 0.403472 0.085938 0.140278
0 0.228125 0.899306 0.170313 0.193056
0 0.828516 0.574306 0.175781 0.270833
0 0.435156 0.238194 0.107813 0.162500
0 0.935156 0.749306 0.129688 0.304167
0 0.786328 0.861806 0.155469 0.262500
0 0.041797 0.723611 0.082031 0.222222
0 0.596094 0.173611 0.132812 0.183333
0 0.302734 0.741667 0.180469 0.302778
0 0.176563 0.565972 0.185938 0.356944
0 0.072266 0.899306 0.142969 0.201389
0 0.610156 0.284028 0.131250 0.198611
0 0.338672 0.275694 0.074219 0.109722
