0 0.560870 0.575435 0.034783 0.044487
0 0.304348 0.689555 0.028986 0.036750
0 0.397101 0.483559 0.049275 0.069632
0 0.856522 0.617988 0.026087 0.032882
0 0.710145 0.624758 0.034783 0.046422
0 0.889855 0.531915 0.037681 0.046422
0 0.072464 0.410058 0.046377 0.061896
0 0.569565 0.467118 0.046377 0.052224
0 0.488406 0.623791 0.034783 0.044487
0 0.684058 0.502901 0.046377 0.058027
0 0.478261 0.294971 0.028986 0.032882
0 0.208696 0.088975 0.026087 0.038685
0 0.817391 0.650870 0.026087 0.032882
0 0.032609 0.431335 0.036232 0.038685
0 0.188406 0.476789 0.037681 0.052224
0 0.770290 0.402321 0.044928 0.058027
0 0.597826 0.372340 0.050725 0.067698
0 0.159420 0.130561 0.040580 0.056093
0 0.619565 0.280464 0.044928 0.058027
0 0.894203 0.646035 0.028986 0.038685
0 0.509420 0.449710 0.047826 0.059961
0 0.868116 0.655706 0.031884 0.042553
0 0.121739 0.399420 0.040580 0.067698
0 0.703623 0.697292 0.036232 0.048356
0 0.847826 0.708897 0.026087 0.032882
0 0.735507 0.797872 0.033333 0.044487
0 0.470290 0.538685 0.030435 0.044487
0 0.568116 0.516441 0.037681 0.046422
0 0.360870 0.547389 0.049275 0.061896
0 0.828986 0.614120 0.026087 0.032882
0 0.323188 0.427466 0.043478 0.058027
0 0.387681 0.230174 0.042029 0.061896
0 0.399275 0.113153 0.053623 0.071567
0 0.273913 0.766925 0.028986 0.036750
