0 0.294326 0.644545 0.068558 0.107273
0 0.031324 0.841818 0.060284 0.098182
0 0.861702 0.604545 0.075650 0.121818
0 0.348700 0.725455 0.063830 0.105455
0 0.315603 0.588182 0.063830 0.100000
0 0.239362 0.471818 0.053191 0.096364
0 0.407801 0.393636 0.070922 0.114545
0 0.456856 0.713636 0.055556 0.107273
0 0.400118 0.782727 0.072104 0.107273
0 0.492317 0.342727 0.074468 0.103636
0 0.022459 0.938182 0.042553 0.112727
0 0.833333 0.692727 0.068558 0.101818
0 0.315603 0.090000 0.070922 0.107273
0 0.264184 0.893636 0.043735 0.081818
0 0.438534 0.209091 0.054374 0.087273
0 0.304374 0.619091 0.072104 0.121818
0 0.789598 0.607273 0.068558 0.116364
0 0.060875 0.816364 0.065012 0.109091
0 0.125296 0.680909 0.044917 0.081818
0 0.116430 0.412727 0.067376 0.090909
0 0.239953 0.450909 0.052009 0.047273
0 0.338061 0.217273 0.078014 0.129091
0 0.412530 0.688182 0.068558 0.110909
0 0.301418 0.839091 0.066194 0.103636
