0 0.046875 0.561224 0.046875 0.066327
0 0.211719 0.600765 0.098438 0.155612
0 0.537500 0.747449 0.059375 0.091837
0 0.107813 0.387755 0.040625 0.066327
0 0.566406 0.612245 0.064063 0.102041
0 0.507812 0.598214 0.050000 0.084184
0 0.480469 0.479592 0.067187 0.096939
0 0.267188 0.147959 0.109375 0.193878
0 0.582031 0.743622 0.032813 0.048469
0 0.284375 0.836735 0.081250 0.158163
0 0.198438 0.292092 0.106250 0.186224
0 0.156250 0.213010 0.028125 0.053571
0 0.141406 0.406888 0.032813 0.053571
0 0.129688 0.316327 0.031250 0.045918
0 0.203906 0.820153 0.114063 0.181122
