0 0.621759 0.208475 0.028185 0.064407
0 0.608230 0.888136 0.037204 0.044068
0 0.222097 0.370339 0.038331 0.055932
0 0.478579 0.258475 0.046223 0.066102
0 0.322435 0.367797 0.038331 0.061017
0 0.560879 0.633898 0.034949 0.061017
0 0.107103 0.147458 0.049605 0.074576
0 0.131342 0.149153 0.093574 0.084746
0 0.333145 0.122034 0.048478 0.077966
0 0.932356 0.190678 0.038331 0.059322
0 0.461669 0.615254 0.030440 0.050847
0 0.617249 0.794068 0.034949 0.049153
0 0.515784 0.621186 0.037204 0.062712
0 0.044532 0.467797 0.041714 0.061017
0 0.843856 0.297458 0.034949 0.059322
0 0.415445 0.780508 0.030440 0.052542
0 0.152762 0.148305 0.048478 0.079661
0 0.068771 0.477119 0.060879 0.069492
0 0.215333 0.122881 0.047351 0.072881
0 0.462796 0.197458 0.050733 0.079661
0 0.591319 0.169492 0.048478 0.077966
0 0.734498 0.227119 0.048478 0.084746
0 0.280158 0.097458 0.050733 0.069492
