0 0.448611 0.669753 0.121296 0.119753
0 0.447685 0.667901 0.125000 0.113580
0 0.804630 0.322222 0.062963 0.059259
0 0.734259 0.684568 0.070370 0.065432
0 0.770370 0.564198 0.064815 0.069136
0 0.253241 0.670370 0.125000 0.113580
0 0.473148 0.351235 0.055556 0.060494
0 0.654167 0.745679 0.099074 0.093827
0 0.305093 0.379012 0.117593 0.116049
0 0.686574 0.579012 0.099074 0.093827
0 0.601852 0.562346 0.094444 0.097531
0 0.909722 0.488272 0.065741 0.062963
0 0.210648 0.367284 0.091667 0.117284
0 0.474074 0.460494 0.105556 0.108642
0 0.259259 0.812346 0.142593 0.130864
