0 0.245443 0.557617 0.113281 0.066406
0 0.262370 0.039551 0.136719 0.077148
0 0.152344 0.868652 0.132812 0.090820
0 0.631510 0.795410 0.119792 0.084961
0 0.393229 0.180664 0.070312 0.048828
0 0.274089 0.119141 0.136719 0.078125
0 0.705078 0.505371 0.092448 0.077148
0 0.413411 0.357910 0.128906 0.086914
0 0.539714 0.343750 0.100260 0.060547
0 0.473307 0.445801 0.092448 0.084961
0 0.677083 0.228027 0.130208 0.083008
0 0.144531 0.493652 0.075521 0.086914
0 0.130859 0.391602 0.100260 0.078125
0 0.214844 0.500488 0.098958 0.077148
0 0.880208 0.231934 0.130208 0.096680
0 0.501302 0.822754 0.130208 0.083008
0 0.230469 0.356445 0.104167 0.087891
0 0.619141 0.436523 0.097656 0.078125
0 0.512370 0.528320 0.147135 0.105469
0 0.442708 0.229980 0.140625 0.100586
0 0.695312 0.708496 0.119792 0.084961
