0 0.568866 0.814181 0.027778 0.056235
0 0.510995 0.310513 0.035880 0.058680
0 0.098958 0.871638 0.026620 0.051345
0 0.588542 0.833130 0.017361 0.047677
0 0.381944 0.328240 0.021991 0.050122
0 0.572917 0.342298 0.024306 0.053790
0 0.503183 0.311736 0.022569 0.046455
0 0.357639 0.322127 0.021991 0.050122
0 0.335648 0.105134 0.030093 0.066015
0 0.316551 0.052567 0.032407 0.073350
0 0.689525 0.774450 0.023727 0.050122
0 0.382523 0.591076 0.017361 0.042787
0 0.651042 0.687653 0.021991 0.045232
0 0.339699 0.402200 0.021991 0.056235
0 0.140046 0.872249 0.025463 0.050122
0 0.275463 0.074572 0.021991 0.056235
0 0.239294 0.630807 0.024884 0.048900
