0 0.669300 0.513124 0.080135 0.115157
0 0.523702 0.583404 0.088036 0.137172
0 0.612020 0.463590 0.077314 0.102456
0 0.889673 0.607536 0.062641 0.095682
0 0.624153 0.779424 0.082393 0.121084
0 0.536117 0.941998 0.073363 0.105843
0 0.645880 0.297206 0.078442 0.104996
0 0.753668 0.545301 0.060384 0.089754
0 0.088318 0.947925 0.061512 0.087214
0 0.485892 0.394581 0.079007 0.110076
0 0.908860 0.914903 0.081828 0.119390
0 0.459086 0.254022 0.105530 0.155800
0 0.534424 0.845047 0.086907 0.128704
0 0.621614 0.513971 0.019752 0.057578
0 0.172122 0.668501 0.081264 0.119390
0 0.359763 0.215072 0.111174 0.171041
0 0.710497 0.436918 0.082393 0.110076
0 0.258465 0.714225 0.073363 0.116003
0 0.459932 0.506351 0.095937 0.128704
