0 0.657118 0.702040 0.056134 0.046441
0 0.839410 0.202474 0.087384 0.058594
0 0.185185 0.707031 0.148148 0.121528
0 0.891782 0.463325 0.081019 0.057726
0 0.705150 0.700738 0.046875 0.042969
0 0.276620 0.585069 0.075231 0.057292
0 0.412616 0.041667 0.065972 0.056424
0 0.414352 0.646701 0.083333 0.060764
0 0.621817 0.083550 0.059606 0.049913
0 0.179977 0.836806 0.060185 0.045139
0 0.173611 0.530816 0.133102 0.098090
0 0.486400 0.023655 0.075810 0.042101
0 0.853877 0.123264 0.078125 0.054688
0 0.439236 0.200738 0.056713 0.047309
0 0.881655 0.702691 0.081597 0.065104
0 0.671296 0.541016 0.061343 0.049045
0 0.192998 0.431641 0.067708 0.045573
0 0.475116 0.069878 0.057870 0.050347
0 0.278935 0.400391 0.068287 0.045573
0 0.384259 0.160373 0.061343 0.041233
0 0.087963 0.569227 0.113426 0.079427
0 0.752025 0.562934 0.042245 0.049479
0 0.448495 0.299045 0.075231 0.057292
0 0.296586 0.756727 0.067708 0.053385
0 0.353588 0.049479 0.057870 0.043403
0 0.244502 0.869575 0.079282 0.062066
0 0.650463 0.955729 0.083333 0.060764
0 0.426215 0.452040 0.085069 0.057726
0 0.481481 0.147569 0.049769 0.044271
0 0.438368 0.383464 0.085069 0.057726
0 0.382523 0.204427 0.067130 0.048611
0 0.130787 0.843533 0.050926 0.048177
0 0.327257 0.259983 0.070023 0.042535
0 0.781250 0.423394 0.081019 0.057726
0 0.400463 0.576823 0.083333 0.060764
0 0.930556 0.753689 0.081019 0.057726
0 0.813079 0.529948 0.076389 0.041667
0 0.958044 0.684462 0.081597 0.065104
0 0.969618 0.252387 0.056134 0.047309
0 0.710648 0.505208 0.070602 0.052951
0 0.924479 0.329210 0.087384 0.059462
