0 0.408621 0.175862 0.051724 0.066667
0 0.922414 0.585057 0.062069 0.080460
0 0.100862 0.702299 0.050000 0.085057
0 0.300862 0.027586 0.043103 0.050575
0 0.484483 0.022989 0.051724 0.041379
0 0.623276 0.696552 0.053448 0.068966
0 0.595690 0.248276 0.050000 0.068966
0 0.143103 0.809195 0.062069 0.078161
0 0.262931 0.378161 0.039655 0.066667
0 0.390517 0.898851 0.039655 0.055172
0 0.866379 0.417241 0.056897 0.080460
0 0.928448 0.121839 0.060345 0.059770
0 0.627586 0.506897 0.055172 0.075862
0 0.163793 0.489655 0.058621 0.078161
0 0.656034 0.263218 0.053448 0.085057
0 0.136207 0.958621 0.055172 0.078161
0 0.130172 0.560920 0.060345 0.078161
0 0.590517 0.777011 0.053448 0.068966
0 0.225000 0.149425 0.043103 0.068966
0 0.065517 0.121839 0.058621 0.087356
0 0.538793 0.263218 0.036207 0.062069
0 0.937069 0.178161 0.067241 0.094253
0 0.536207 0.190805 0.058621 0.078161
0 0.391379 0.217241 0.051724 0.066667
0 0.156034 0.703448 0.046552 0.078161
0 0.069828 0.447126 0.036207 0.052874
0 0.564655 0.351724 0.056897 0.082759
0 0.377586 0.840230 0.041379 0.057471
0 0.261207 0.266667 0.043103 0.055172
0 0.935345 0.435632 0.067241 0.085057
0 0.564655 0.444828 0.032759 0.048276
0 0.384483 0.302299 0.051724 0.066667
0 0.263793 0.085057 0.041379 0.055172
0 0.357759 0.700000 0.053448 0.071264
0 0.703448 0.265517 0.048276 0.075862
0 0.459483 0.404598 0.039655 0.050575
0 0.225862 0.379310 0.034483 0.055172
0 0.241379 0.479310 0.044828 0.066667
0 0.833621 0.271264 0.067241 0.096552
0 0.028448 0.151724 0.053448 0.082759
0 0.443103 0.455172 0.037931 0.055172
0 0.689655 0.116092 0.058621 0.098851
0 0.702586 0.589655 0.050000 0.071264
