0 0.764844 0.222482 0.048438 0.074941
0 0.436719 0.430913 0.123438 0.187354
0 0.582031 0.107728 0.048438 0.079625
0 0.750781 0.482436 0.123438 0.196721
0 0.102344 0.743560 0.045313 0.063232
0 0.414062 0.660422 0.037500 0.065574
0 0.871094 0.118267 0.085938 0.128806
0 0.822656 0.172131 0.098438 0.138173
0 0.050781 0.692037 0.039062 0.049180
0 0.222656 0.090164 0.045313 0.072600
0 0.270313 0.481265 0.165625 0.245902
0 0.153125 0.210773 0.028125 0.046838
0 0.380469 0.517564 0.092188 0.140515
0 0.469531 0.269321 0.045313 0.070258
0 0.304688 0.325527 0.031250 0.056206
0 0.644531 0.185012 0.098438 0.154567
0 0.389844 0.332553 0.029688 0.046838
0 0.450000 0.580796 0.050000 0.074941
0 0.606250 0.346604 0.115625 0.182670
0 0.331250 0.323185 0.031250 0.056206
0 0.533594 0.312646 0.070312 0.119438
0 0.106250 0.097190 0.050000 0.072600
0 0.375781 0.675644 0.039062 0.067916
0 0.532031 0.518735 0.092188 0.147541
