0 0.705000 0.041667 0.068750 0.065000
0 0.886250 0.633333 0.088750 0.103333
0 0.532188 0.373750 0.076875 0.095833
0 0.951250 0.395000 0.095000 0.111667
0 0.545000 0.212917 0.041250 0.070833
0 0.251250 0.910833 0.042500 0.046667
0 0.527813 0.491250 0.035625 0.047500
0 0.641250 0.612083 0.076250 0.082500
0 0.836562 0.614583 0.039375 0.095833
0 0.515313 0.020833 0.069375 0.040000
0 0.280625 0.874167 0.032500 0.048333
0 0.706875 0.622917 0.061250 0.077500
0 0.629062 0.373333 0.049375 0.055000
0 0.130625 0.318333 0.097500 0.136667
0 0.876875 0.786667 0.055000 0.075000
0 0.754375 0.090417 0.042500 0.035833
0 0.273438 0.647083 0.093125 0.107500
0 0.810312 0.864167 0.074375 0.108333
0 0.200625 0.370833 0.057500 0.066667
0 0.269375 0.817917 0.051250 0.054167
0 0.369063 0.440833 0.055625 0.075000
0 0.300625 0.233750 0.083750 0.104167
