0 0.580827 0.115000 0.056391 0.035000
0 0.479323 0.096250 0.056391 0.037500
0 0.644737 0.157500 0.048872 0.035000
0 0.609023 0.923750 0.045113 0.027500
0 0.586466 0.051250 0.097744 0.047500
0 0.588346 0.532500 0.056391 0.035000
0 0.413534 0.521250 0.060150 0.037500
0 0.466165 0.191250 0.157895 0.077500
0 0.421053 0.200000 0.067669 0.045000
0 0.407895 0.053750 0.071429 0.042500
0 0.584586 0.345000 0.056391 0.035000
0 0.937970 0.470000 0.056391 0.030000
0 0.498120 0.698750 0.071429 0.042500
0 0.640977 0.336250 0.056391 0.032500
