0 0.315385 0.292857 0.040000 0.066667
0 0.290769 0.090476 0.049231 0.052381
0 0.173077 0.467857 0.050769 0.078571
0 0.033077 0.042857 0.063077 0.080952
0 0.306154 0.759524 0.052308 0.080952
0 0.347692 0.322619 0.040000 0.064286
0 0.374615 0.391667 0.038462 0.054762
0 0.067692 0.227381 0.073846 0.088095
0 0.311538 0.045238 0.041538 0.061905
0 0.229231 0.496429 0.073846 0.088095
0 0.520000 0.228571 0.040000 0.066667
0 0.158462 0.022619 0.046154 0.040476
0 0.030769 0.650000 0.058462 0.152381
0 0.366923 0.072619 0.032308 0.059524
