0 0.464545 0.378788 0.078182 0.127273
0 0.099091 0.246970 0.085455 0.142424
0 0.261818 0.513636 0.076364 0.130303
0 0.400000 0.519697 0.069091 0.118182
0 0.774545 0.396970 0.076364 0.127273
0 0.336364 0.239394 0.083636 0.145455
0 0.181818 0.080303 0.105455 0.154545
0 0.306364 0.368182 0.081818 0.142424
0 0.624545 0.380303 0.074545 0.142424
0 0.932727 0.092424 0.090909 0.154545
0 0.418182 0.228788 0.083636 0.148485
0 0.191818 0.513636 0.067273 0.124242
0 0.761818 0.253030 0.094545 0.166667
0 0.848182 0.100000 0.092727 0.157576
0 0.278182 0.087879 0.109091 0.169697
0 0.501818 0.248485 0.080000 0.151515
0 0.543636 0.377273 0.083636 0.142424
0 0.853636 0.528788 0.081818 0.106061
0 0.701818 0.386364 0.080000 0.142424
0 0.925455 0.381818 0.080000 0.127273
0 0.079091 0.092424 0.110909 0.178788
0 0.330909 0.519697 0.065455 0.112121
0 0.666364 0.092424 0.096364 0.160606
0 0.585455 0.250000 0.087273 0.154545
0 0.932727 0.243939 0.090909 0.154545
0 0.929091 0.515152 0.083636 0.133333
0 0.259091 0.243939 0.085455 0.142424
0 0.853636 0.259091 0.092727 0.154545
0 0.380909 0.089394 0.103636 0.172727
0 0.760909 0.083333 0.096364 0.160606
0 0.671818 0.251515 0.085455 0.157576
0 0.546364 0.515152 0.078182 0.133333
0 0.387273 0.378788 0.076364 0.157576
0 0.087273 0.522727 0.043636 0.075758
0 0.158182 0.389394 0.076364 0.130303
0 0.132727 0.518182 0.058182 0.103030
0 0.857273 0.407576 0.085455 0.142424
0 0.480000 0.087879 0.098182 0.169697
0 0.471818 0.518182 0.070909 0.121212
0 0.775455 0.521212 0.081818 0.121212
0 0.179091 0.237879 0.081818 0.148485
0 0.698182 0.521212 0.080000 0.127273
0 0.229091 0.387879 0.080000 0.145455
0 0.573636 0.092424 0.092727 0.160606
0 0.084545 0.386364 0.081818 0.130303
0 0.620909 0.516667 0.074545 0.130303
