0 0.655147 0.089355 0.110294 0.073242
0 0.561765 0.595215 0.111765 0.075195
0 0.675000 0.694336 0.094118 0.046875
0 0.455147 0.505859 0.086765 0.066406
0 0.784559 0.388184 0.086765 0.069336
0 0.568382 0.198730 0.086765 0.051758
0 0.866912 0.403809 0.086765 0.069336
0 0.571324 0.355957 0.063235 0.049805
0 0.225000 0.664551 0.100000 0.069336
0 0.496324 0.323242 0.104412 0.066406
0 0.661765 0.226562 0.097059 0.074219
0 0.644853 0.737305 0.107353 0.074219
0 0.452206 0.926758 0.066176 0.050781
0 0.646324 0.589355 0.057353 0.051758
0 0.617647 0.297363 0.076471 0.069336
0 0.590441 0.461426 0.107353 0.071289
0 0.386029 0.587402 0.116176 0.067383
0 0.928676 0.571777 0.083824 0.049805
0 0.805147 0.594238 0.116176 0.063477
