0 0.521164 0.230586 0.130159 0.103011
0 0.564550 0.049128 0.147090 0.096672
0 0.295238 0.332805 0.165079 0.126783
0 0.448148 0.851823 0.153439 0.112520
0 0.847619 0.506735 0.052910 0.037242
0 0.528042 0.585975 0.139683 0.110143
0 0.247090 0.557845 0.142857 0.093502
0 0.490476 0.748415 0.153439 0.118067
0 0.564550 0.918384 0.106878 0.088748
0 0.314815 0.445721 0.144974 0.099049
0 0.456614 0.324485 0.155556 0.130745
0 0.317989 0.913629 0.119577 0.090333
0 0.332804 0.752773 0.144974 0.125198
0 0.432275 0.056656 0.144974 0.106973
0 0.765608 0.528526 0.039153 0.030111
0 0.203704 0.856577 0.106878 0.088748
0 0.395238 0.530507 0.159788 0.114897
0 0.461376 0.325674 0.165079 0.128368
0 0.425397 0.444929 0.099471 0.062599
0 0.295767 0.818938 0.142857 0.094295
0 0.334921 0.637876 0.128042 0.104596
0 0.355556 0.152932 0.143915 0.118859
0 0.573016 0.144216 0.115344 0.076070
0 0.500000 0.954437 0.119577 0.091125
