0 0.470968 0.340323 0.141935 0.170968
0 0.820968 0.585484 0.106452 0.112903
0 0.925806 0.964516 0.090323 0.070968
0 0.237097 0.945161 0.100000 0.090323
0 0.353226 0.961290 0.087097 0.077419
0 0.332258 0.869355 0.109677 0.119355
0 0.248387 0.730645 0.109677 0.119355
0 0.237097 0.412903 0.364516 0.451613
0 0.706452 0.854839 0.064516 0.077419
0 0.241935 0.851613 0.058065 0.064516
0 0.751613 0.546774 0.058065 0.080645
0 0.820968 0.966129 0.067742 0.061290
0 0.162903 0.880645 0.074194 0.077419
0 0.503226 0.653226 0.232258 0.267742
0 0.809677 0.780645 0.096774 0.109677
0 0.735484 0.072581 0.148387 0.138710
