0 0.230077 0.641667 0.053985 0.063333
0 0.452442 0.713333 0.046272 0.060000
0 0.437018 0.596667 0.046272 0.060000
0 0.847044 0.445000 0.043702 0.036667
0 0.555270 0.821667 0.051414 0.070000
0 0.562982 0.546667 0.046272 0.060000
0 0.394602 0.626667 0.048843 0.066667
0 0.724936 0.376667 0.046272 0.060000
0 0.760925 0.453333 0.046272 0.060000
0 0.357326 0.728333 0.051414 0.063333
0 0.682519 0.586667 0.033419 0.046667
0 0.140103 0.686667 0.053985 0.066667
0 0.886889 0.035000 0.071979 0.063333
0 0.503856 0.761667 0.061697 0.070000
0 0.602828 0.786667 0.038560 0.060000
