0 0.539308 0.486762 0.034591 0.044807
0 0.156447 0.112016 0.114780 0.162933
0 0.525157 0.584521 0.034591 0.044807
0 0.352987 0.829939 0.039308 0.054990
0 0.344340 0.217923 0.116352 0.134420
0 0.642296 0.578411 0.033019 0.040733
0 0.489780 0.294297 0.102201 0.164969
0 0.297956 0.051935 0.086478 0.099796
0 0.499214 0.130346 0.121069 0.167006
0 0.048742 0.120163 0.094340 0.191446
0 0.397799 0.068228 0.116352 0.132383
0 0.446541 0.621181 0.034591 0.044807
0 0.671384 0.665988 0.025157 0.040733
0 0.547170 0.751527 0.025157 0.040733
0 0.526730 0.541752 0.034591 0.044807
0 0.213050 0.328921 0.127358 0.173116
0 0.633648 0.641548 0.025157 0.040733
0 0.650943 0.460285 0.025157 0.040733
