0 0.667143 0.024762 0.034286 0.045714
0 0.520000 0.024762 0.034286 0.045714
0 0.021429 0.218095 0.034286 0.047619
0 0.667857 0.311429 0.041429 0.055238
0 0.662143 0.403810 0.041429 0.057143
0 0.480714 0.520952 0.027143 0.040000
0 0.815000 0.157143 0.055714 0.059048
0 0.450714 0.429524 0.041429 0.055238
0 0.626429 0.213333 0.061429 0.080000
0 0.711429 0.237143 0.042857 0.059048
0 0.521429 0.398095 0.051429 0.057143
0 0.940714 0.478095 0.078571 0.091429
0 0.753571 0.352381 0.041429 0.057143
0 0.846429 0.281905 0.047143 0.041905
0 0.565714 0.060000 0.034286 0.047619
0 0.431429 0.060000 0.034286 0.047619
0 0.900000 0.073333 0.031429 0.032381
0 0.482143 0.020952 0.030000 0.038095
0 0.605000 0.409524 0.041429 0.057143
