0 0.690000 0.427489 0.050000 0.058442
0 0.648333 0.656926 0.046667 0.062771
0 0.156667 0.714286 0.060000 0.073593
0 0.806667 0.505411 0.046667 0.054113
0 0.727500 0.509740 0.048333 0.058442
0 0.329167 0.688312 0.055000 0.069264
0 0.394167 0.791126 0.048333 0.062771
0 0.292500 0.805195 0.055000 0.069264
0 0.501667 0.899351 0.060000 0.080087
0 0.919167 0.077922 0.035000 0.060606
0 0.056667 0.759740 0.060000 0.073593
0 0.560833 0.866883 0.051667 0.062771
0 0.448333 0.838745 0.066667 0.084416
0 0.375833 0.660173 0.051667 0.069264
0 0.865833 0.055195 0.081667 0.106061
0 0.510833 0.611472 0.048333 0.058442
