0 0.157547 0.188679 0.066038 0.045283
0 0.221698 0.671698 0.100000 0.079245
0 0.733019 0.686792 0.073585 0.056604
0 0.603774 0.403774 0.083019 0.060377
0 0.482075 0.676415 0.092453 0.058491
0 0.360377 0.505660 0.083019 0.060377
0 0.322642 0.139623 0.052830 0.041509
0 0.367925 0.215094 0.052830 0.041509
0 0.504717 0.250943 0.058491 0.037736
0 0.768868 0.425472 0.054717 0.043396
0 0.251887 0.143396 0.066038 0.045283
0 0.367925 0.403774 0.083019 0.060377
0 0.391509 0.645283 0.100000 0.079245
0 0.413208 0.848113 0.079245 0.069811
0 0.065094 0.775472 0.088679 0.064151
0 0.883962 0.474528 0.054717 0.043396
0 0.267925 0.430189 0.086792 0.049057
