0 0.615217 0.143013 0.021739 0.037118
0 0.480435 0.681223 0.030435 0.056769
0 0.898551 0.469432 0.031884 0.048035
0 0.115217 0.556769 0.030435 0.039301
0 0.915217 0.141921 0.033333 0.048035
0 0.113768 0.596070 0.033333 0.048035
0 0.482609 0.359170 0.034783 0.050218
0 0.885507 0.506550 0.031884 0.048035
0 0.660145 0.897380 0.024638 0.039301
0 0.507971 0.682314 0.030435 0.045852
0 0.537681 0.391921 0.034783 0.050218
0 0.700000 0.484716 0.037681 0.052402
0 0.142029 0.579694 0.028986 0.037118
0 0.116667 0.644105 0.033333 0.048035
0 0.635507 0.888646 0.024638 0.039301
0 0.623913 0.105895 0.027536 0.041485
0 0.925362 0.106987 0.033333 0.048035
0 0.456522 0.840611 0.023188 0.034934
0 0.256522 0.765284 0.028986 0.045852
0 0.522464 0.350437 0.033333 0.050218
0 0.502174 0.387555 0.030435 0.050218
0 0.234058 0.891921 0.033333 0.045852
0 0.724638 0.710699 0.026087 0.041485
0 0.640580 0.131004 0.023188 0.034934
0 0.686232 0.884279 0.024638 0.039301
0 0.861594 0.463974 0.027536 0.041485
0 0.747101 0.467249 0.033333 0.052402
0 0.890580 0.113537 0.033333 0.048035
0 0.618841 0.927948 0.026087 0.034934
0 0.733333 0.505459 0.031884 0.050218
0 0.464493 0.242358 0.027536 0.048035
0 0.481884 0.218341 0.027536 0.043668
0 0.644928 0.953057 0.028986 0.045852
0 0.459420 0.644105 0.034783 0.052402
0 0.947826 0.124454 0.031884 0.052402
0 0.144203 0.626638 0.033333 0.048035
0 0.092029 0.624454 0.033333 0.048035
0 0.765217 0.482533 0.028986 0.048035
