0 0.745313 0.708537 0.081250 0.153659
0 0.172656 0.550000 0.085938 0.100000
0 0.682813 0.826829 0.134375 0.160976
0 0.179688 0.637805 0.078125 0.109756
0 0.567188 0.782927 0.096875 0.136585
0 0.774219 0.828049 0.098438 0.168293
0 0.655469 0.689024 0.120313 0.168293
0 0.849219 0.730488 0.110938 0.158537
0 0.291406 0.653659 0.060938 0.102439
0 0.402344 0.670732 0.098438 0.107317
0 0.889844 0.867073 0.145313 0.158537
0 0.329688 0.708537 0.059375 0.056098
0 0.025000 0.619512 0.046875 0.117073
0 0.096875 0.625610 0.100000 0.124390
