0 0.387692 0.532143 0.036923 0.054762
0 0.393846 0.119048 0.040000 0.052381
0 0.631538 0.077381 0.044615 0.054762
0 0.346923 0.233333 0.038462 0.057143
0 0.206154 0.947619 0.049231 0.066667
0 0.926154 0.233333 0.027692 0.042857
0 0.757692 0.255952 0.035385 0.045238
0 0.195385 0.742857 0.049231 0.066667
0 0.036923 0.069048 0.040000 0.061905
0 0.832308 0.355952 0.043077 0.059524
0 0.124615 0.821429 0.049231 0.066667
0 0.140769 0.733333 0.038462 0.057143
0 0.325385 0.292857 0.038462 0.057143
0 0.407692 0.247619 0.040000 0.052381
0 0.660000 0.659524 0.036923 0.057143
0 0.625385 0.427381 0.035385 0.059524
0 0.330000 0.740476 0.047692 0.061905
0 0.072308 0.830952 0.043077 0.052381
0 0.820769 0.221429 0.041538 0.052381
0 0.235385 0.692857 0.049231 0.066667
