0 0.145000 0.363125 0.072500 0.101250
0 0.455000 0.770000 0.082500 0.145000
0 0.163750 0.529375 0.072500 0.101250
0 0.348125 0.450000 0.083750 0.137500
0 0.692500 0.511250 0.090000 0.147500
0 0.123125 0.464375 0.063750 0.078750
0 0.243750 0.466250 0.072500 0.115000
0 0.795000 0.659375 0.090000 0.133750
0 0.206250 0.318125 0.062500 0.093750
0 0.702500 0.836250 0.082500 0.137500
0 0.574375 0.487500 0.076250 0.120000
0 0.763750 0.147500 0.087500 0.145000
0 0.411875 0.578125 0.076250 0.136250
0 0.811875 0.537500 0.078750 0.127500
0 0.481250 0.473750 0.070000 0.107500
0 0.808750 0.376250 0.087500 0.145000
0 0.543750 0.805000 0.082500 0.137500
0 0.451250 0.121875 0.085000 0.166250
