0 0.395789 0.389474 0.033684 0.040000
0 0.828947 0.033684 0.047368 0.042105
0 0.535263 0.156842 0.045263 0.044211
0 0.247368 0.705263 0.423158 0.406316
0 0.829474 0.196842 0.050526 0.046316
0 0.812105 0.122632 0.032632 0.030526
0 0.876316 0.844737 0.247368 0.211579
0 0.610000 0.203158 0.036842 0.033684
0 0.586316 0.343684 0.042105 0.034737
0 0.751053 0.631053 0.249474 0.247368
0 0.545789 0.097368 0.045263 0.045263
0 0.626316 0.840526 0.248421 0.220000
0 0.443158 0.307895 0.033684 0.034737
0 0.694211 0.077895 0.049474 0.052632
0 0.589474 0.676842 0.141053 0.126316
0 0.931053 0.294737 0.049474 0.052632
0 0.907368 0.684737 0.132632 0.106316
