0 0.529557 0.232176 0.027344 0.041204
0 0.335547 0.369676 0.024219 0.041204
0 0.699089 0.245602 0.029427 0.054167
0 0.119531 0.417824 0.040625 0.065278
0 0.636589 0.841435 0.035156 0.062500
0 0.751172 0.579861 0.049219 0.083796
0 0.586328 0.228241 0.032031 0.052778
0 0.794401 0.968519 0.047656 0.062963
0 0.805208 0.801389 0.034896 0.065741
0 0.389844 0.156481 0.030208 0.053704
0 0.862760 0.154861 0.055729 0.092130
0 0.955599 0.903241 0.053385 0.087963
0 0.742839 0.197917 0.029427 0.050463
0 0.688151 0.167361 0.054948 0.101389
0 0.619141 0.781713 0.035156 0.062500
0 0.131901 0.791204 0.032552 0.048148
0 0.215234 0.695833 0.032552 0.048148
0 0.772656 0.367361 0.053125 0.082870
0 0.470182 0.083102 0.022656 0.051389
0 0.019010 0.443519 0.037500 0.063889
0 0.324609 0.480093 0.032552 0.048148
0 0.804036 0.705556 0.048698 0.076852
0 0.889323 0.233333 0.044792 0.080556
0 0.358203 0.270370 0.025260 0.058333
0 0.693750 0.614120 0.028646 0.050463
0 0.361979 0.406019 0.029687 0.050926
