0 0.334688 0.257545 0.241192 0.185111
0 0.489837 0.189135 0.261518 0.195171
0 0.336043 0.556841 0.281843 0.194165
0 0.663279 0.332495 0.269648 0.208249
0 0.353659 0.752515 0.189702 0.122736
0 0.145664 0.435614 0.131436 0.066398
0 0.203252 0.530684 0.100271 0.129779
0 0.863821 0.251509 0.247967 0.213280
0 0.644986 0.059356 0.132791 0.116700
0 0.633469 0.921529 0.207317 0.136821
0 0.658537 0.596076 0.287263 0.190141
0 0.510163 0.819920 0.188347 0.146881
0 0.426829 0.428571 0.273713 0.201207
0 0.707317 0.769618 0.184282 0.177062
