0 0.388194 0.624074 0.031944 0.040741
0 0.472917 0.537963 0.029167 0.038889
0 0.315278 0.205556 0.105556 0.118519
0 0.453472 0.124074 0.109722 0.151852
0 0.323611 0.759259 0.033333 0.051852
0 0.475694 0.493519 0.029167 0.038889
0 0.361806 0.067593 0.109722 0.131481
0 0.490278 0.450926 0.030556 0.035185
0 0.205556 0.304630 0.116667 0.153704
0 0.406250 0.567593 0.029167 0.042593
0 0.147917 0.106481 0.109722 0.157407
0 0.273611 0.050926 0.077778 0.098148
0 0.045833 0.106481 0.088889 0.175926
0 0.444444 0.269444 0.094444 0.146296
