0 0.576111 0.626667 0.038889 0.050370
0 0.177778 0.420000 0.037778 0.045926
0 0.807778 0.827407 0.042222 0.057778
0 0.613889 0.660000 0.034444 0.040000
0 0.727778 0.238519 0.028889 0.044444
0 0.653333 0.242963 0.028889 0.044444
0 0.972222 0.179259 0.031111 0.038519
0 0.210556 0.434815 0.025556 0.034074
0 0.077222 0.622963 0.032222 0.037037
0 0.081667 0.323704 0.025556 0.031111
0 0.136667 0.617778 0.035556 0.050370
0 0.115000 0.657037 0.032222 0.037037
0 0.794444 0.738519 0.035556 0.054815
0 0.248889 0.842963 0.035556 0.044444
0 0.656667 0.118519 0.031111 0.038519
0 0.130556 0.421481 0.036667 0.040000
0 0.742778 0.257778 0.025556 0.044444
0 0.956667 0.214815 0.031111 0.038519
0 0.664444 0.623704 0.046667 0.056296
0 0.397222 0.515556 0.050000 0.068148
0 0.261111 0.735556 0.031111 0.034074
0 0.166111 0.648148 0.032222 0.037037
0 0.596111 0.374815 0.032222 0.032593
0 0.125556 0.506667 0.031111 0.035556
0 0.710556 0.582963 0.045556 0.051852
0 0.351111 0.669630 0.024444 0.032593
0 0.282778 0.800741 0.034444 0.051852
0 0.740556 0.758519 0.036667 0.056296
0 0.703333 0.762963 0.035556 0.047407
0 0.652222 0.311852 0.026667 0.037037
0 0.358889 0.505185 0.028889 0.062222
0 0.700556 0.266667 0.025556 0.044444
0 0.049444 0.434815 0.032222 0.034074
0 0.170556 0.595556 0.043333 0.053333
0 0.377778 0.622963 0.022222 0.045926
0 0.350000 0.575556 0.044444 0.054815
0 0.947778 0.327407 0.037778 0.047407
