0 0.481735 0.583333 0.123288 0.080000
0 0.440639 0.221667 0.114155 0.076667
0 0.632420 0.686667 0.123288 0.080000
0 0.678082 0.766667 0.123288 0.080000
0 0.639269 0.945000 0.127854 0.083333
0 0.536530 0.258333 0.114155 0.076667
0 0.559361 0.151667 0.114155 0.076667
0 0.598174 0.848333 0.109589 0.076667
0 0.531963 0.520000 0.123288 0.080000
0 0.472603 0.870000 0.123288 0.080000
0 0.541096 0.436667 0.123288 0.080000
0 0.472603 0.778333 0.105023 0.076667
0 0.461187 0.698333 0.109589 0.083333
0 0.563927 0.341667 0.114155 0.076667
