0 0.890556 0.465776 0.110000 0.163606
0 0.780000 0.418197 0.113333 0.181970
0 0.827222 0.199499 0.116667 0.181970
0 0.810000 0.903172 0.077778 0.120200
0 0.645556 0.343072 0.095556 0.151920
0 0.085000 0.626878 0.087778 0.111853
0 0.371111 0.809683 0.093333 0.126878
0 0.548889 0.358932 0.111111 0.176962
0 0.432778 0.429883 0.112222 0.158598
0 0.840556 0.770451 0.105556 0.151920
0 0.270000 0.409015 0.093333 0.140234
0 0.471111 0.939065 0.086667 0.115192
0 0.525556 0.655259 0.104444 0.145242
0 0.400556 0.560100 0.105556 0.145242
0 0.482778 0.287145 0.094444 0.140234
