0 0.597222 0.579299 0.034444 0.056761
0 0.758889 0.521703 0.031111 0.058431
0 0.665556 0.386477 0.040000 0.058431
0 0.803333 0.613523 0.037778 0.065109
0 0.553333 0.212855 0.046667 0.061770
0 0.040556 0.262104 0.041111 0.050083
0 0.398333 0.654424 0.027778 0.040067
0 0.615556 0.312187 0.042222 0.070117
0 0.084444 0.020033 0.035556 0.036728
0 0.472778 0.368948 0.047778 0.053422
0 0.295000 0.735392 0.027778 0.041736
0 0.840000 0.434891 0.048889 0.065109
0 0.922778 0.441569 0.050000 0.061770
0 0.582222 0.160267 0.035556 0.046745
0 0.359444 0.547579 0.034444 0.046745
0 0.932778 0.545910 0.045556 0.060100
0 0.106111 0.528381 0.038889 0.048414
0 0.424444 0.457429 0.060000 0.086811
0 0.460556 0.294658 0.058889 0.085142
0 0.723889 0.531720 0.034444 0.048414
0 0.467222 0.438230 0.023333 0.038397
0 0.347222 0.308013 0.036667 0.058431
0 0.672222 0.560935 0.035556 0.056761
