0 0.693333 0.637890 0.090000 0.110312
0 0.157500 0.118705 0.078333 0.112710
0 0.835833 0.839329 0.078333 0.105516
0 0.182500 0.227818 0.088333 0.115108
0 0.163333 0.321343 0.090000 0.115108
0 0.620833 0.503597 0.071667 0.139089
0 0.467500 0.340528 0.095000 0.129496
0 0.346667 0.854916 0.066667 0.093525
0 0.686667 0.483213 0.083333 0.127098
0 0.459167 0.495204 0.085000 0.122302
0 0.217500 0.067146 0.091667 0.119904
0 0.327500 0.672662 0.085000 0.122302
0 0.926667 0.643885 0.090000 0.117506
0 0.254167 0.410072 0.095000 0.119904
0 0.429167 0.808153 0.075000 0.105516
0 0.564167 0.543165 0.085000 0.131894
