0 0.459896 0.479688 0.051042 0.039062
0 0.578125 0.470508 0.058333 0.044922
0 0.805208 0.402148 0.041667 0.039453
0 0.228125 0.399609 0.048958 0.039844
0 0.310677 0.496289 0.060937 0.049609
0 0.352604 0.409766 0.054167 0.040625
0 0.273438 0.515039 0.057292 0.051172
0 0.520052 0.566211 0.049479 0.044922
0 0.453125 0.607617 0.048958 0.037891
0 0.333333 0.525586 0.052083 0.040234
0 0.432552 0.575000 0.043229 0.033594
0 0.602344 0.402930 0.047396 0.036328
0 0.308594 0.432227 0.063021 0.048047
0 0.851042 0.406445 0.052083 0.036328
0 0.192188 0.372266 0.050000 0.041406
