0 0.460938 0.788489 0.033203 0.043165
0 0.615723 0.360432 0.036133 0.044604
0 0.488770 0.743165 0.034180 0.044604
0 0.809570 0.586331 0.031250 0.056115
0 0.614746 0.751799 0.030273 0.044604
0 0.549805 0.100000 0.025391 0.038849
0 0.257812 0.366187 0.023438 0.030216
0 0.636719 0.210072 0.031250 0.046043
0 0.355957 0.478417 0.018555 0.030216
0 0.771484 0.919424 0.027344 0.043165
0 0.434082 0.354676 0.034180 0.044604
0 0.446777 0.111511 0.030273 0.044604
0 0.752930 0.567626 0.031250 0.053237
0 0.838867 0.461151 0.021484 0.038849
0 0.262695 0.427338 0.025391 0.025899
0 0.385254 0.666187 0.034180 0.046043
0 0.478516 0.685612 0.035156 0.050360
0 0.524414 0.070504 0.025391 0.040288
0 0.684082 0.333094 0.034180 0.050360
0 0.335449 0.486331 0.022461 0.040288
0 0.444336 0.144604 0.031250 0.035971
0 0.479492 0.066906 0.031250 0.047482
0 0.257812 0.399281 0.027344 0.033094
0 0.776367 0.607194 0.035156 0.051799
0 0.812988 0.451079 0.028320 0.044604
0 0.754395 0.984173 0.028320 0.031655
0 0.592773 0.772662 0.027344 0.043165
0 0.785156 0.553957 0.035156 0.051799
0 0.812500 0.402878 0.042969 0.054676
0 0.506836 0.401439 0.029297 0.046043
0 0.501953 0.043165 0.025391 0.043165
0 0.488281 0.116547 0.027344 0.043165
0 0.867676 0.580576 0.036133 0.058993
0 0.520020 0.286331 0.030273 0.046043
