0 0.921667 0.076296 0.056667 0.069630
0 0.330000 0.462963 0.091111 0.122963
0 0.402222 0.398519 0.084444 0.100741
0 0.237778 0.543704 0.104444 0.127407
0 0.797778 0.571111 0.082222 0.117037
0 0.742222 0.815556 0.088889 0.128889
0 0.876667 0.049630 0.055556 0.066667
0 0.108889 0.825926 0.086667 0.128889
0 0.203333 0.805185 0.097778 0.131852
0 0.468333 0.281481 0.092222 0.121481
0 0.968889 0.173333 0.051111 0.071111
0 0.600000 0.969630 0.084444 0.060741
0 0.888889 0.102963 0.046667 0.054815
0 0.696111 0.115556 0.090000 0.118519
0 0.371667 0.640000 0.087778 0.115556
0 0.153333 0.911852 0.091111 0.099259
0 0.621667 0.777037 0.083333 0.099259
0 0.832222 0.789630 0.088889 0.103704
0 0.736111 0.442222 0.087778 0.125926
0 0.516111 0.970370 0.083333 0.056296
