0 0.125977 0.903367 0.074219 0.096633
0 0.847168 0.407760 0.034180 0.042460
0 0.586914 0.697657 0.021484 0.042460
0 0.500488 0.549780 0.077148 0.133236
0 0.874512 0.154466 0.053711 0.080527
0 0.602539 0.159590 0.039062 0.061493
0 0.096680 0.367496 0.046875 0.052709
0 0.171875 0.675695 0.062500 0.077599
0 0.969238 0.204978 0.057617 0.079063
0 0.329102 0.729868 0.044922 0.065886
0 0.335938 0.338214 0.042969 0.064422
0 0.609375 0.691069 0.023438 0.046852
0 0.255859 0.210102 0.068359 0.086384
0 0.555664 0.208638 0.041016 0.074671
0 0.881348 0.390922 0.040039 0.058565
0 0.397949 0.268668 0.053711 0.089312
0 0.792480 0.295022 0.047852 0.060029
0 0.556641 0.251830 0.037109 0.052709
0 0.423828 0.048316 0.060547 0.093704
0 0.884766 0.683748 0.035156 0.046852
0 0.025879 0.368960 0.049805 0.061493
0 0.548828 0.322108 0.035156 0.052709
0 0.897461 0.311127 0.044922 0.054173
0 0.538574 0.147145 0.043945 0.062958
0 0.593750 0.221083 0.037109 0.061493
0 0.584473 0.275988 0.036133 0.062958
0 0.693848 0.576867 0.047852 0.070278
0 0.930664 0.406296 0.056641 0.062958
0 0.366211 0.240849 0.044922 0.062958
0 0.416504 0.151537 0.032227 0.060029
