0 0.308750 0.530019 0.045000 0.050657
0 0.634375 0.243902 0.023750 0.037523
0 0.891875 0.191370 0.026250 0.037523
0 0.958125 0.716698 0.031250 0.052533
0 0.045625 0.836773 0.026250 0.048780
0 0.910625 0.813321 0.028750 0.046904
0 0.543750 0.429644 0.030000 0.052533
0 0.572500 0.394934 0.035000 0.054409
0 0.150625 0.469981 0.041250 0.061914
0 0.318125 0.016886 0.023750 0.030019
0 0.312500 0.772045 0.037500 0.054409
0 0.870625 0.790807 0.036250 0.054409
0 0.588125 0.506567 0.036250 0.063790
0 0.246250 0.756098 0.025000 0.041276
