0 0.709473 0.462240 0.067383 0.091146
0 0.515137 0.453776 0.063477 0.084635
0 0.903809 0.120443 0.053711 0.066406
0 0.565430 0.304036 0.066406 0.079427
0 0.862793 0.658854 0.059570 0.072917
0 0.373535 0.056641 0.063477 0.079427
0 0.530273 0.185547 0.068359 0.092448
0 0.690918 0.107422 0.061523 0.079427
0 0.925293 0.525391 0.073242 0.092448
0 0.339355 0.320964 0.059570 0.079427
0 0.523926 0.642578 0.067383 0.079427
0 0.629883 0.362630 0.054688 0.066406
0 0.310059 0.227214 0.061523 0.069010
0 0.457031 0.472656 0.068359 0.093750
0 0.449707 0.269531 0.028320 0.044271
0 0.941406 0.701172 0.070312 0.095052
0 0.041504 0.283203 0.063477 0.084635
0 0.906250 0.847005 0.074219 0.089844
0 0.479492 0.583333 0.076172 0.098958
0 0.664551 0.524089 0.069336 0.097656
