0 0.462500 0.435000 0.155000 0.230000
0 0.435833 0.071250 0.131667 0.137500
0 0.053333 0.090000 0.103333 0.170000
0 0.120833 0.785000 0.208333 0.295000
0 0.522500 0.646250 0.175000 0.247500
0 0.707500 0.598750 0.178333 0.257500
0 0.316667 0.202500 0.150000 0.240000
0 0.295000 0.840000 0.173333 0.190000
0 0.927500 0.758750 0.141667 0.257500
0 0.125833 0.078750 0.088333 0.147500
0 0.345000 0.611250 0.193333 0.282500
0 0.952500 0.405000 0.091667 0.245000
0 0.581667 0.512500 0.106667 0.205000
0 0.880833 0.280000 0.175000 0.245000
0 0.462500 0.891250 0.218333 0.217500
0 0.495833 0.236250 0.145000 0.217500
0 0.112500 0.501250 0.198333 0.262500
0 0.642500 0.780000 0.188333 0.295000
0 0.840833 0.632500 0.131667 0.245000
0 0.780000 0.421250 0.116667 0.207500
0 0.767500 0.122500 0.168333 0.225000
0 0.559167 0.133750 0.128333 0.202500
0 0.950833 0.185000 0.098333 0.190000
0 0.275833 0.418750 0.151667 0.207500
0 0.657500 0.368750 0.175000 0.267500
0 0.772500 0.882500 0.181667 0.235000
0 0.089167 0.245000 0.165000 0.245000
