0 0.625835 0.486916 0.100223 0.158879
0 0.089087 0.445794 0.109131 0.181308
0 0.511693 0.742991 0.110245 0.177570
0 0.494432 0.541121 0.122494 0.188785
0 0.029510 0.613084 0.056793 0.142056
0 0.308463 0.442056 0.097996 0.117757
0 0.509465 0.187850 0.114699 0.188785
0 0.839087 0.510280 0.121381 0.205607
0 0.738864 0.256075 0.116927 0.190654
0 0.407572 0.178505 0.095768 0.177570
0 0.563474 0.899065 0.113586 0.198131
0 0.248886 0.821495 0.116927 0.181308
0 0.143096 0.662617 0.114699 0.181308
0 0.762806 0.880374 0.115813 0.183178
0 0.323497 0.550467 0.112472 0.185047
