0 0.330833 0.290000 0.211667 0.315000
0 0.149167 0.865000 0.215000 0.270000
0 0.140833 0.083750 0.201667 0.157500
0 0.814167 0.695000 0.168333 0.220000
0 0.583333 0.271250 0.250000 0.387500
0 0.674167 0.093750 0.178333 0.182500
0 0.805000 0.880000 0.260000 0.240000
0 0.889167 0.165000 0.211667 0.290000
0 0.425833 0.452500 0.208333 0.295000
0 0.637500 0.725000 0.211667 0.355000
0 0.119167 0.250000 0.205000 0.290000
0 0.948333 0.727500 0.103333 0.355000
0 0.320000 0.071250 0.206667 0.137500
0 0.122500 0.523750 0.215000 0.337500
0 0.267500 0.691250 0.175000 0.327500
0 0.906667 0.467500 0.186667 0.345000
0 0.415000 0.758750 0.236667 0.362500
