0 0.737500 0.435000 0.125000 0.175000
0 0.135000 0.661250 0.116667 0.187500
0 0.111667 0.100000 0.133333 0.195000
0 0.959167 0.428750 0.081667 0.217500
0 0.915833 0.945000 0.145000 0.110000
0 0.053333 0.272500 0.103333 0.205000
0 0.451667 0.366250 0.146667 0.192500
0 0.766667 0.170000 0.133333 0.210000
0 0.057500 0.650000 0.111667 0.250000
0 0.420000 0.103750 0.130000 0.202500
0 0.425833 0.678750 0.148333 0.187500
0 0.730833 0.742500 0.171667 0.250000
0 0.292500 0.420000 0.101667 0.205000
0 0.590000 0.812500 0.136667 0.180000
0 0.254167 0.802500 0.118333 0.185000
0 0.166667 0.862500 0.140000 0.220000
0 0.300833 0.625000 0.138333 0.205000
0 0.278333 0.171250 0.153333 0.222500
0 0.951667 0.681250 0.096667 0.212500
0 0.060000 0.873750 0.116667 0.232500
0 0.192500 0.505000 0.148333 0.215000
0 0.442500 0.828750 0.161667 0.192500
0 0.600833 0.421250 0.141667 0.227500
0 0.939167 0.136250 0.118333 0.217500
0 0.641667 0.298750 0.130000 0.162500
0 0.191667 0.345000 0.150000 0.175000
0 0.526667 0.192500 0.126667 0.190000
