0 0.203333 0.706250 0.233333 0.177500
0 0.386667 0.778750 0.206667 0.132500
0 0.340000 0.185000 0.153333 0.100000
0 0.085000 0.623750 0.163333 0.177500
0 0.663333 0.256250 0.206667 0.162500
0 0.591667 0.696250 0.183333 0.177500
0 0.476667 0.272500 0.240000 0.195000
0 0.515000 0.860000 0.230000 0.155000
0 0.745000 0.402500 0.223333 0.165000
0 0.260000 0.920000 0.253333 0.160000
0 0.271667 0.306250 0.250000 0.182500
0 0.188333 0.201250 0.163333 0.112500
0 0.758333 0.710000 0.176667 0.150000
0 0.413333 0.642500 0.246667 0.185000
0 0.486667 0.932500 0.233333 0.135000
0 0.785000 0.861250 0.256667 0.187500
0 0.430000 0.468750 0.220000 0.167500
0 0.721667 0.543750 0.203333 0.142500
0 0.140000 0.460000 0.273333 0.195000
