0 0.553125 0.930986 0.341250 0.136150
0 0.547500 0.353991 0.272500 0.215962
0 0.380625 0.426291 0.196250 0.157746
0 0.871250 0.907042 0.255000 0.178404
0 0.708125 0.523944 0.273750 0.214085
0 0.910625 0.517840 0.178750 0.175587
0 0.816250 0.231455 0.195000 0.143662
0 0.370625 0.252113 0.231250 0.186854
0 0.232500 0.275587 0.190000 0.162441
0 0.918750 0.692019 0.160000 0.214085
0 0.262500 0.562911 0.210000 0.164319
0 0.097500 0.102817 0.190000 0.198122
0 0.473125 0.557746 0.263750 0.199061
0 0.720000 0.780751 0.305000 0.235681
0 0.572500 0.169953 0.230000 0.176526
0 0.164375 0.436150 0.238750 0.179343
0 0.411250 0.684977 0.212500 0.147418
0 0.320000 0.770892 0.210000 0.163380
0 0.791250 0.364319 0.222500 0.144601
0 0.798750 0.072770 0.210000 0.143662
0 0.403750 0.036620 0.202500 0.071362
