0 0.936658 0.167197 0.083558 0.194268
0 0.374663 0.227707 0.078167 0.232484
0 0.402965 0.616242 0.094340 0.213376
0 0.526954 0.635350 0.086253 0.194268
0 0.263477 0.297771 0.084906 0.200637
0 0.962938 0.595541 0.074124 0.178344
0 0.459569 0.390127 0.088949 0.219745
0 0.450809 0.748408 0.063342 0.191083
0 0.107143 0.055732 0.087601 0.105096
0 0.440701 0.076433 0.083558 0.146497
0 0.364555 0.450637 0.087601 0.200637
0 0.111186 0.186306 0.076819 0.162420
0 0.713612 0.778662 0.084906 0.168790
0 0.944070 0.429936 0.082210 0.178344
0 0.033693 0.095541 0.064690 0.184713
0 0.639488 0.156051 0.076819 0.184713
0 0.233154 0.049363 0.086253 0.092357
0 0.644205 0.337580 0.083558 0.184713
0 0.605795 0.539809 0.103774 0.200637
