0 0.828176 0.477027 0.167752 0.262162
0 0.380293 0.432432 0.171010 0.237838
0 0.060261 0.766216 0.117264 0.262162
0 0.126221 0.097297 0.144951 0.189189
0 0.644137 0.528378 0.174267 0.262162
0 0.355863 0.671622 0.174267 0.289189
0 0.205212 0.236486 0.110749 0.235135
0 0.131922 0.451351 0.140065 0.248649
0 0.884365 0.735135 0.175896 0.259459
0 0.598534 0.236486 0.151466 0.229730
0 0.062704 0.309459 0.122150 0.218919
0 0.152280 0.863514 0.171010 0.262162
0 0.957655 0.606757 0.081433 0.245946
0 0.453583 0.213514 0.144951 0.194595
0 0.526873 0.093243 0.141694 0.175676
0 0.584691 0.802703 0.146580 0.259459
0 0.763029 0.241892 0.184039 0.245946
0 0.205212 0.639189 0.166124 0.245946
0 0.711726 0.790541 0.188925 0.294595
0 0.318404 0.900000 0.174267 0.200000
0 0.307003 0.248649 0.154723 0.254054
0 0.497557 0.598649 0.154723 0.229730
0 0.521173 0.364865 0.156352 0.248649
