0 0.320000 0.805000 0.230000 0.230000
0 0.927500 0.380000 0.145000 0.190000
0 0.745000 0.797500 0.230000 0.225000
0 0.532500 0.357500 0.205000 0.185000
0 0.320000 0.600000 0.210000 0.200000
0 0.532500 0.172500 0.215000 0.185000
0 0.092500 0.387500 0.175000 0.225000
0 0.540000 0.792500 0.210000 0.205000
0 0.305000 0.187500 0.220000 0.235000
0 0.927500 0.592500 0.145000 0.235000
0 0.107500 0.610000 0.205000 0.210000
0 0.752500 0.360000 0.235000 0.180000
0 0.302500 0.395000 0.245000 0.220000
0 0.925000 0.787500 0.150000 0.195000
0 0.752500 0.165000 0.215000 0.210000
0 0.107500 0.825000 0.205000 0.200000
0 0.752500 0.557500 0.195000 0.205000
0 0.095000 0.175000 0.180000 0.200000
0 0.930000 0.185000 0.140000 0.210000
0 0.537500 0.565000 0.215000 0.210000
