0 0.926667 0.626000 0.146667 0.188000
0 0.935000 0.924000 0.130000 0.152000
0 0.081667 0.764000 0.143333 0.240000
0 0.136667 0.518000 0.213333 0.228000
0 0.648333 0.654000 0.176667 0.092000
0 0.511667 0.072000 0.136667 0.128000
0 0.548333 0.874000 0.216667 0.164000
0 0.541667 0.296000 0.170000 0.168000
0 0.380000 0.076000 0.173333 0.120000
0 0.773333 0.478000 0.186667 0.188000
0 0.303333 0.896000 0.213333 0.192000
0 0.173333 0.316000 0.206667 0.200000
0 0.451667 0.604000 0.230000 0.208000
0 0.591667 0.484000 0.216667 0.232000
