0 0.943000 0.130000 0.114000 0.162857
0 0.907000 0.788571 0.186000 0.422857
0 0.051000 0.244286 0.098000 0.271429
0 0.613000 0.495714 0.182000 0.288571
0 0.232000 0.278571 0.200000 0.168571
0 0.478000 0.350000 0.184000 0.288571
0 0.904000 0.385714 0.188000 0.348571
0 0.201000 0.504286 0.314000 0.374286
0 0.186000 0.061429 0.128000 0.117143
0 0.616000 0.840000 0.208000 0.320000
0 0.755000 0.294286 0.206000 0.274286
0 0.376000 0.160000 0.172000 0.228571
0 0.361000 0.731429 0.346000 0.457143
0 0.089000 0.798571 0.174000 0.391429
0 0.429000 0.077143 0.130000 0.142857
0 0.714000 0.637143 0.252000 0.382857
