0 0.839216 0.123529 0.200000 0.235294
0 0.945098 0.864706 0.105882 0.264706
0 0.067647 0.520588 0.131373 0.394118
0 0.947059 0.185294 0.101961 0.341176
0 0.114706 0.426471 0.158824 0.288235
0 0.856863 0.713235 0.274510 0.367647
0 0.168627 0.801471 0.298039 0.397059
0 0.585294 0.666176 0.256863 0.308824
0 0.421569 0.150000 0.215686 0.294118
0 0.106863 0.144118 0.205882 0.282353
0 0.650980 0.133824 0.227451 0.261765
0 0.536275 0.339706 0.225490 0.344118
0 0.772549 0.410294 0.250980 0.373529
0 0.349020 0.566176 0.250980 0.361765
0 0.614706 0.883824 0.319608 0.232353
