0 0.407713 0.848416 0.121212 0.212670
0 0.608815 0.760181 0.132231 0.190045
0 0.701102 0.497738 0.107438 0.144796
0 0.508264 0.567873 0.112948 0.167421
0 0.035813 0.934389 0.066116 0.122172
0 0.411846 0.633484 0.118457 0.171946
0 0.516529 0.861991 0.129477 0.149321
0 0.907713 0.914027 0.140496 0.171946
0 0.275482 0.588235 0.110193 0.171946
0 0.044077 0.402715 0.082645 0.135747
0 0.789256 0.522624 0.096419 0.167421
0 0.181818 0.447964 0.082645 0.162896
0 0.524793 0.723982 0.107438 0.144796
0 0.895317 0.766968 0.126722 0.185520
0 0.702479 0.653846 0.121212 0.203620
0 0.527548 0.400452 0.107438 0.167421
0 0.198347 0.819005 0.110193 0.162896
0 0.636364 0.914027 0.110193 0.153846
0 0.811295 0.683258 0.107438 0.162896
0 0.778237 0.861991 0.129477 0.203620
0 0.608815 0.597285 0.104683 0.153846
0 0.199725 0.687783 0.112948 0.162896
0 0.395317 0.744344 0.107438 0.140271
0 0.079890 0.830317 0.121212 0.185520
