0 0.456329 0.490164 0.089873 0.127869
0 0.666456 0.131148 0.077215 0.101639
0 0.264557 0.438525 0.088608 0.109836
0 0.233544 0.274590 0.087342 0.106557
0 0.894304 0.409836 0.069620 0.085246
0 0.362658 0.520492 0.092405 0.109836
0 0.438608 0.295902 0.082278 0.113115
0 0.605063 0.572131 0.098734 0.114754
0 0.652532 0.829508 0.087342 0.114754
0 0.287342 0.896721 0.078481 0.108197
0 0.961392 0.602459 0.077215 0.093443
0 0.033544 0.321311 0.064557 0.118033
0 0.640506 0.462295 0.088608 0.104918
0 0.447468 0.688525 0.069620 0.095082
0 0.502532 0.850820 0.093671 0.121311
0 0.186076 0.228689 0.078481 0.100000
0 0.527848 0.620492 0.083544 0.106557
0 0.974684 0.204918 0.050633 0.075410
0 0.635443 0.364754 0.083544 0.103279
0 0.953797 0.075410 0.087342 0.111475
0 0.650633 0.964754 0.068354 0.070492
0 0.447468 0.173770 0.102532 0.134426
0 0.105696 0.273770 0.089873 0.114754
0 0.820886 0.177049 0.092405 0.121311
0 0.376582 0.386066 0.082278 0.109836
0 0.941139 0.513115 0.072152 0.091803
0 0.108228 0.377049 0.072152 0.088525
0 0.399367 0.617213 0.097468 0.113115
0 0.317089 0.317213 0.084810 0.122951
0 0.714557 0.699180 0.082278 0.093443
0 0.334810 0.840164 0.094937 0.119672
0 0.935443 0.368033 0.083544 0.106557
