0 0.096923 0.337432 0.052308 0.073770
0 0.589231 0.803279 0.098462 0.174863
0 0.836923 0.306011 0.049231 0.060109
0 0.185385 0.301913 0.050769 0.073770
0 0.711538 0.310109 0.044615 0.073770
0 0.371538 0.900273 0.127692 0.177596
0 0.119231 0.452186 0.075385 0.079235
0 0.266923 0.351093 0.050769 0.057377
0 0.240769 0.498634 0.075385 0.106557
0 0.932308 0.635246 0.089231 0.139344
0 0.375385 0.754098 0.092308 0.125683
0 0.686923 0.407104 0.032308 0.060109
0 0.512308 0.431694 0.073846 0.081967
0 0.043846 0.378415 0.047692 0.068306
0 0.459231 0.386612 0.053846 0.084699
0 0.468462 0.789617 0.115385 0.163934
0 0.730769 0.359290 0.049231 0.062842
