0 0.892361 0.756158 0.137500 0.443350
0 0.673611 0.338670 0.058333 0.209360
0 0.615972 0.188424 0.098611 0.194581
0 0.098611 0.854680 0.061111 0.197044
0 0.437500 0.733990 0.122222 0.325123
0 0.742361 0.743842 0.298611 0.467980
0 0.466667 0.296798 0.072222 0.238916
0 0.262500 0.227833 0.383333 0.362069
0 0.052778 0.706897 0.086111 0.192118
0 0.794444 0.306650 0.208333 0.209360
0 0.075000 0.432266 0.147222 0.140394
0 0.102778 0.649015 0.197222 0.189655
0 0.390278 0.449507 0.161111 0.105911
0 0.163194 0.750000 0.101389 0.204433
0 0.651389 0.128079 0.208333 0.192118
0 0.345833 0.719212 0.188889 0.246305
0 0.579861 0.327586 0.162500 0.187192
0 0.227778 0.453202 0.152778 0.088670
0 0.220139 0.775862 0.145833 0.231527
