0 0.515000 0.597656 0.210000 0.234375
0 0.095000 0.324219 0.183333 0.242188
0 0.485000 0.349609 0.210000 0.285156
0 0.091667 0.587891 0.176667 0.292969
0 0.291667 0.097656 0.210000 0.179688
0 0.293333 0.593750 0.240000 0.265625
0 0.286667 0.341797 0.200000 0.253906
0 0.880000 0.083984 0.193333 0.160156
0 0.720000 0.582031 0.220000 0.273438
0 0.730000 0.861328 0.220000 0.253906
0 0.495000 0.107422 0.190000 0.207031
0 0.690000 0.074219 0.200000 0.140625
0 0.300000 0.880859 0.213333 0.238281
0 0.925000 0.841797 0.143333 0.238281
0 0.095000 0.093750 0.183333 0.179688
0 0.101667 0.871094 0.196667 0.257812
0 0.683333 0.320312 0.233333 0.257812
0 0.881667 0.458984 0.223333 0.269531
0 0.518333 0.876953 0.230000 0.238281
