0 0.416968 0.629559 0.129964 0.138196
0 0.041516 0.772553 0.075812 0.128599
0 0.688628 0.565259 0.128159 0.132438
0 0.552347 0.072937 0.133574 0.142035
0 0.946751 0.252399 0.102888 0.140115
0 0.492780 0.263916 0.140794 0.155470
0 0.419675 0.500000 0.142599 0.132438
0 0.695848 0.238004 0.124549 0.138196
0 0.229242 0.774472 0.122744 0.132438
0 0.835740 0.282150 0.144404 0.126679
0 0.738267 0.359885 0.122744 0.132438
0 0.813177 0.200576 0.128159 0.140115
0 0.304152 0.918426 0.124549 0.132438
0 0.065884 0.564299 0.124549 0.134357
0 0.420578 0.103647 0.140794 0.157390
0 0.863718 0.714012 0.124549 0.142035
0 0.245487 0.336852 0.151625 0.159309
0 0.402527 0.903071 0.115523 0.147793
0 0.132671 0.509597 0.142599 0.147793
0 0.617329 0.333973 0.133574 0.138196
0 0.759928 0.682342 0.126354 0.140115
0 0.314079 0.561420 0.119134 0.128599
0 0.208484 0.537428 0.099278 0.142035
0 0.443141 0.393474 0.146209 0.157390
0 0.377256 0.209213 0.126354 0.145873
0 0.559567 0.549904 0.129964 0.128599
