0 0.861806 0.934847 0.172222 0.122409
0 0.893403 0.130800 0.178472 0.251728
0 0.459375 0.594768 0.224306 0.305035
0 0.878819 0.443731 0.234028 0.295163
0 0.230208 0.557749 0.257639 0.355380
0 0.282292 0.833662 0.267361 0.326752
0 0.715625 0.247779 0.229861 0.300099
0 0.781250 0.804047 0.215278 0.312932
0 0.087153 0.830207 0.172917 0.317868
0 0.261458 0.218164 0.250694 0.345508
0 0.449306 0.934847 0.119444 0.130306
0 0.566319 0.175716 0.129861 0.165844
0 0.058681 0.548371 0.115972 0.263574
0 0.665278 0.559230 0.212500 0.314906
0 0.578472 0.826259 0.234722 0.333662
0 0.070486 0.262586 0.139583 0.317868
0 0.642708 0.061204 0.177083 0.120434
0 0.926042 0.745311 0.147917 0.335637
0 0.430208 0.092300 0.185417 0.182626
0 0.489236 0.314413 0.231250 0.305035
