0 0.230000 0.765000 0.333333 0.456667
0 0.898333 0.221667 0.203333 0.403333
0 0.611667 0.108333 0.296667 0.203333
0 0.878333 0.856667 0.223333 0.266667
0 0.621667 0.903333 0.310000 0.146667
0 0.081667 0.718333 0.143333 0.410000
0 0.455000 0.830000 0.156667 0.300000
0 0.145000 0.311667 0.283333 0.416667
0 0.658333 0.338333 0.270000 0.370000
0 0.383333 0.478333 0.320000 0.430000
0 0.875000 0.595000 0.236667 0.336667
0 0.446667 0.191667 0.220000 0.270000
0 0.653333 0.693333 0.293333 0.413333
0 0.271667 0.148333 0.330000 0.276667
