0 0.331667 0.851322 0.200000 0.270925
0 0.225833 0.595815 0.188333 0.279736
0 0.592500 0.854626 0.195000 0.281938
0 0.700000 0.167401 0.190000 0.286344
0 0.246667 0.164097 0.196667 0.275330
0 0.115000 0.351322 0.196667 0.284141
0 0.344167 0.373348 0.185000 0.279736
0 0.101667 0.831498 0.200000 0.323789
0 0.931667 0.615639 0.136667 0.279736
0 0.709167 0.606828 0.201667 0.279736
0 0.589167 0.379956 0.185000 0.257709
0 0.463333 0.606828 0.193333 0.284141
0 0.469167 0.165198 0.205000 0.281938
0 0.923333 0.176211 0.153333 0.273128
0 0.826667 0.388767 0.193333 0.279736
0 0.853333 0.840308 0.186667 0.257709
