0 0.440000 0.624375 0.142222 0.073750
0 0.821111 0.216250 0.122222 0.070000
0 0.841111 0.918125 0.144444 0.086250
0 0.730000 0.718125 0.135556 0.076250
0 0.607778 0.834375 0.140000 0.083750
0 0.074444 0.901250 0.144444 0.077500
0 0.917778 0.115000 0.124444 0.070000
0 0.848889 0.755625 0.142222 0.068750
0 0.233333 0.384375 0.120000 0.071250
0 0.117778 0.136875 0.128889 0.068750
0 0.311111 0.816250 0.137778 0.077500
0 0.078889 0.744375 0.144444 0.078750
0 0.431111 0.858125 0.137778 0.076250
0 0.345556 0.066250 0.131111 0.070000
0 0.435556 0.547500 0.146667 0.082500
0 0.711111 0.249375 0.120000 0.068750
0 0.455556 0.103750 0.120000 0.067500
0 0.440000 0.776875 0.128889 0.078750
0 0.604444 0.606875 0.133333 0.073750
0 0.835556 0.686250 0.115556 0.070000
0 0.321111 0.582500 0.135556 0.075000
0 0.338889 0.272500 0.113333 0.062500
0 0.933333 0.315625 0.128889 0.073750
0 0.601111 0.216875 0.135556 0.068750
0 0.841111 0.531250 0.135556 0.077500
0 0.316667 0.514375 0.126667 0.061250
0 0.824444 0.428125 0.142222 0.071250
0 0.603333 0.429375 0.140000 0.068750
0 0.724444 0.875000 0.128889 0.075000
0 0.311111 0.660625 0.137778 0.073750
0 0.607778 0.757500 0.126667 0.070000
0 0.436667 0.699375 0.144444 0.071250
0 0.947778 0.801250 0.104444 0.075000
0 0.813333 0.285000 0.128889 0.060000
0 0.124444 0.068125 0.120000 0.073750
0 0.724444 0.800625 0.133333 0.078750
0 0.071111 0.821875 0.137778 0.076250
0 0.921111 0.251250 0.126667 0.062500
0 0.344444 0.203750 0.120000 0.075000
0 0.193333 0.856875 0.133333 0.078750
0 0.196667 0.545625 0.126667 0.068750
0 0.198889 0.701875 0.131111 0.078750
0 0.191111 0.778750 0.128889 0.075000
0 0.112222 0.416875 0.140000 0.073750
0 0.718889 0.392500 0.122222 0.067500
0 0.337778 0.130625 0.128889 0.076250
0 0.452222 0.237500 0.126667 0.075000
0 0.077778 0.661875 0.142222 0.071250
0 0.227778 0.166250 0.126667 0.070000
0 0.611111 0.916875 0.137778 0.083750
0 0.806667 0.080000 0.133333 0.072500
0 0.705556 0.181250 0.122222 0.075000
0 0.944444 0.883125 0.111111 0.078750
0 0.806667 0.145000 0.124444 0.065000
0 0.312222 0.741250 0.148889 0.075000
0 0.234444 0.098125 0.117778 0.071250
0 0.708889 0.319375 0.124444 0.071250
0 0.725556 0.644375 0.135556 0.076250
0 0.837778 0.612500 0.133333 0.067500
0 0.112222 0.202500 0.126667 0.075000
0 0.608889 0.530000 0.124444 0.070000
0 0.841111 0.831875 0.126667 0.068750
0 0.197778 0.624375 0.133333 0.071250
0 0.947778 0.723125 0.104444 0.076250
0 0.830000 0.351875 0.135556 0.076250
0 0.457778 0.384375 0.124444 0.068750
0 0.456667 0.310000 0.122222 0.072500
0 0.337778 0.341875 0.128889 0.078750
0 0.307778 0.893750 0.140000 0.085000
0 0.605556 0.685000 0.126667 0.072500
0 0.594444 0.148750 0.126667 0.077500
0 0.604444 0.355625 0.124444 0.068750
0 0.220000 0.236875 0.137778 0.071250
0 0.345556 0.419375 0.122222 0.066250
0 0.705556 0.108750 0.135556 0.070000
0 0.932222 0.183750 0.135556 0.075000
0 0.082222 0.587500 0.137778 0.072500
0 0.093333 0.513750 0.133333 0.067500
0 0.944444 0.570000 0.111111 0.072500
0 0.454444 0.170625 0.135556 0.073750
0 0.602222 0.286875 0.124444 0.066250
0 0.938889 0.391875 0.122222 0.068750
0 0.115556 0.270625 0.124444 0.073750
0 0.111111 0.344375 0.128889 0.073750
0 0.605556 0.080000 0.131111 0.067500
0 0.222222 0.309375 0.133333 0.078750
0 0.941111 0.643125 0.117778 0.078750
0 0.727778 0.569375 0.126667 0.068750
