0 0.320000 0.831336 0.110769 0.029110
0 0.558462 0.342466 0.101538 0.030822
0 0.541538 0.667808 0.135385 0.085616
0 0.632308 0.691781 0.187692 0.109589
0 0.707692 0.181507 0.098462 0.054795
0 0.581538 0.970890 0.116923 0.058219
0 0.447692 0.518836 0.107692 0.061644
0 0.726154 0.672089 0.141538 0.080479
0 0.595385 0.382705 0.113846 0.059932
0 0.620000 0.198630 0.107692 0.051370
0 0.290769 0.505137 0.089231 0.058219
0 0.350769 0.543664 0.110769 0.059932
0 0.710769 0.375856 0.116923 0.059932
0 0.430769 0.833048 0.110769 0.029110
0 0.610769 0.152397 0.095385 0.044521
0 0.650769 0.332192 0.113846 0.054795
0 0.376923 0.793664 0.120000 0.063356
0 0.364615 0.482877 0.113846 0.065068
0 0.512308 0.375000 0.095385 0.054795
0 0.655385 0.959760 0.104615 0.063356
