0 0.237000 0.518000 0.138000 0.132000
0 0.538000 0.139000 0.124000 0.098000
0 0.503000 0.751000 0.162000 0.110000
0 0.660000 0.165000 0.128000 0.130000
0 0.226000 0.401000 0.124000 0.114000
0 0.923000 0.224000 0.130000 0.144000
0 0.763000 0.613000 0.146000 0.138000
0 0.334000 0.450000 0.112000 0.116000
0 0.051000 0.621000 0.066000 0.130000
0 0.562000 0.466000 0.124000 0.132000
0 0.417000 0.696000 0.126000 0.140000
0 0.145000 0.131000 0.126000 0.146000
0 0.311000 0.614000 0.122000 0.128000
0 0.516000 0.359000 0.108000 0.130000
0 0.777000 0.214000 0.130000 0.132000
0 0.559000 0.243000 0.122000 0.126000
0 0.615000 0.366000 0.090000 0.120000
0 0.679000 0.770000 0.130000 0.096000
0 0.391000 0.355000 0.126000 0.118000
0 0.923000 0.653000 0.130000 0.138000
0 0.782000 0.405000 0.156000 0.142000
0 0.208000 0.614000 0.108000 0.092000
0 0.447000 0.452000 0.114000 0.096000
0 0.949000 0.538000 0.074000 0.128000
0 0.301000 0.247000 0.138000 0.134000
0 0.675000 0.501000 0.138000 0.126000
0 0.103000 0.374000 0.118000 0.108000
0 0.859000 0.338000 0.122000 0.128000
0 0.726000 0.316000 0.124000 0.116000
0 0.596000 0.688000 0.136000 0.136000
0 0.116000 0.259000 0.116000 0.114000
0 0.856000 0.112000 0.136000 0.128000
0 0.434000 0.222000 0.140000 0.140000
0 0.221000 0.726000 0.134000 0.124000
0 0.439000 0.559000 0.150000 0.142000
0 0.255000 0.177000 0.118000 0.110000
0 0.221000 0.293000 0.122000 0.106000
0 0.084000 0.501000 0.128000 0.138000
0 0.944000 0.388000 0.088000 0.152000
