0 0.168000 0.706667 0.190000 0.234667
0 0.046000 0.194667 0.088000 0.285333
0 0.084000 0.555333 0.158000 0.249333
0 0.423500 0.922667 0.207000 0.154667
0 0.588000 0.570667 0.214000 0.261333
0 0.824500 0.887333 0.209000 0.206667
0 0.944000 0.934667 0.112000 0.130667
0 0.393500 0.329333 0.207000 0.258667
0 0.797000 0.676667 0.214000 0.260000
0 0.238500 0.834000 0.237000 0.302667
0 0.584000 0.844667 0.236000 0.297333
0 0.927500 0.621333 0.145000 0.258667
0 0.723000 0.438000 0.196000 0.260000
0 0.930000 0.809333 0.130000 0.157333
0 0.907000 0.404000 0.186000 0.253333
0 0.898500 0.121333 0.129000 0.146667
0 0.289000 0.092000 0.160000 0.181333
0 0.640000 0.095333 0.126000 0.172000
0 0.760000 0.127333 0.166000 0.142667
0 0.461500 0.172667 0.159000 0.204000
0 0.085500 0.912000 0.147000 0.168000
0 0.910500 0.227333 0.145000 0.172000
0 0.109500 0.051333 0.147000 0.094667
0 0.762000 0.262667 0.176000 0.213333
0 0.490500 0.494000 0.149000 0.220000
0 0.276000 0.461333 0.206000 0.256000
0 0.592000 0.265333 0.186000 0.272000
0 0.376000 0.655333 0.206000 0.281333
0 0.193500 0.550000 0.119000 0.164000
0 0.162500 0.272000 0.193000 0.272000
