0 0.174500 0.818505 0.063000 0.088968
0 0.800000 0.648577 0.078000 0.147687
0 0.558500 0.723310 0.067000 0.129893
0 0.874000 0.677046 0.080000 0.140569
0 0.624500 0.653025 0.067000 0.128114
0 0.949500 0.741993 0.093000 0.110320
0 0.508500 0.667260 0.067000 0.131673
0 0.927500 0.930605 0.057000 0.092527
0 0.189500 0.714413 0.099000 0.108541
0 0.329500 0.696619 0.093000 0.154804
0 0.952000 0.637900 0.096000 0.158363
0 0.741500 0.874555 0.045000 0.090747
0 0.874000 0.776690 0.076000 0.083630
0 0.235500 0.578292 0.097000 0.199288
0 0.808000 0.774911 0.052000 0.087189
0 0.620500 0.529359 0.091000 0.115658
0 0.096500 0.817616 0.065000 0.112100
0 0.708000 0.733986 0.072000 0.108541
0 0.251500 0.778470 0.083000 0.147687
0 0.460500 0.562278 0.043000 0.071174
0 0.164500 0.520463 0.185000 0.275801
0 0.712500 0.525801 0.069000 0.115658
0 0.615500 0.427046 0.097000 0.181495
