0 0.047143 0.484995 0.092381 0.126474
0 0.238571 0.831190 0.475238 0.291533
0 0.253333 0.557342 0.443810 0.251876
0 0.739048 0.830118 0.424762 0.240086
0 0.644762 0.387996 0.365714 0.209003
0 0.906190 0.388264 0.185714 0.200965
0 0.813333 0.546892 0.320000 0.169882
0 0.132381 0.255627 0.259048 0.143623
0 0.537143 0.138800 0.257143 0.145766
0 0.375238 0.225616 0.272381 0.115756
0 0.635238 0.621115 0.400000 0.214362
0 0.911905 0.252947 0.176190 0.101822
0 0.781905 0.210611 0.220952 0.139335
0 0.283810 0.137728 0.253333 0.150054
0 0.199524 0.366827 0.389524 0.181672
0 0.396667 0.356377 0.240952 0.173633
0 0.634286 0.237406 0.340952 0.139335
0 0.928095 0.683012 0.140000 0.233119
