0 0.329765 0.219618 0.207755 0.348958
0 0.545139 0.840712 0.179398 0.297743
0 0.546103 0.250723 0.212191 0.367766
0 0.751833 0.241609 0.199267 0.314815
0 0.364583 0.831308 0.200231 0.318866
0 0.920042 0.244502 0.159915 0.347801
0 0.267168 0.547020 0.202546 0.339988
0 0.930748 0.867477 0.136188 0.257523
0 0.150752 0.847946 0.245949 0.286169
0 0.117091 0.186632 0.233796 0.328704
0 0.916860 0.577257 0.161265 0.334491
0 0.494309 0.551939 0.237076 0.335359
0 0.722319 0.547598 0.240548 0.331308
0 0.088059 0.524450 0.175733 0.377025
0 0.748167 0.856626 0.238233 0.281539
