0 0.338590 0.835591 0.202226 0.136700
0 0.378479 0.185345 0.141002 0.141626
0 0.862709 0.174261 0.081633 0.087438
0 0.612245 0.184729 0.103896 0.098522
0 0.743970 0.187192 0.211503 0.137931
0 0.843228 0.855296 0.172542 0.121921
0 0.669759 0.514163 0.237477 0.166256
0 0.251391 0.772167 0.179963 0.083744
0 0.231911 0.193966 0.244898 0.163793
0 0.839518 0.484606 0.187384 0.141626
0 0.182746 0.504926 0.243043 0.160099
0 0.769017 0.799877 0.131725 0.055419
0 0.353432 0.502463 0.187384 0.145320
0 0.696660 0.857759 0.146568 0.099754
