0 0.109375 0.489712 0.091435 0.226337
0 0.553241 0.152263 0.254630 0.296296
0 0.712963 0.316872 0.173611 0.230453
0 0.198495 0.305556 0.137731 0.220165
0 0.774884 0.853909 0.218750 0.292181
0 0.346065 0.172840 0.187500 0.341564
0 0.101852 0.740741 0.143519 0.271605
0 0.251157 0.744856 0.152778 0.263374
0 0.052083 0.682099 0.099537 0.224280
0 0.574653 0.832305 0.184028 0.331276
0 0.848380 0.555556 0.199074 0.308642
0 0.654514 0.595679 0.172454 0.310700
0 0.329861 0.674897 0.122685 0.226337
0 0.927083 0.848765 0.143519 0.302469
