0 0.316000 0.075729 0.461333 0.026696
0 0.424667 0.246731 0.318667 0.034459
0 0.162667 0.098747 0.322667 0.032961
0 0.461333 0.725415 0.389333 0.038954
0 0.616667 0.701035 0.348000 0.028330
0 0.636667 0.402002 0.334667 0.031463
0 0.816000 0.716290 0.368000 0.036775
0 0.731333 0.743258 0.310667 0.022337
0 0.370667 0.399346 0.277333 0.031871
0 0.280667 0.618633 0.428000 0.048761
0 0.504000 0.486107 0.354667 0.025606
0 0.546667 0.539090 0.448000 0.026696
0 0.696000 0.093503 0.461333 0.034459
0 0.240000 0.728208 0.221333 0.025470
0 0.808667 0.239989 0.372000 0.036502
0 0.503333 0.824503 0.566667 0.053528
0 0.718000 0.620267 0.564000 0.063198
0 0.924000 0.737469 0.152000 0.034187
0 0.782000 0.813266 0.433333 0.052302
0 0.542667 0.121288 0.456000 0.026560
0 0.136667 0.260488 0.257333 0.021111
0 0.251333 0.513144 0.441333 0.042904
0 0.821333 0.074230 0.357333 0.036502
0 0.540000 0.219286 0.365333 0.031054
0 0.276667 0.811223 0.494667 0.050123
0 0.689333 0.508853 0.381333 0.040044
0 0.555333 0.926995 0.876000 0.078180
