0 0.776667 0.780000 0.300000 0.400000
0 0.373333 0.340000 0.160000 0.233333
0 0.200000 0.778333 0.206667 0.270000
0 0.211667 0.558333 0.150000 0.216667
0 0.435000 0.161667 0.136667 0.176667
0 0.248333 0.378333 0.103333 0.190000
0 0.603333 0.135000 0.200000 0.263333
0 0.358333 0.568333 0.203333 0.270000
0 0.565000 0.548333 0.236667 0.283333
0 0.070000 0.776667 0.126667 0.173333
0 0.203333 0.285000 0.093333 0.136667
0 0.160000 0.421667 0.093333 0.143333
0 0.536667 0.830000 0.240000 0.306667
0 0.546667 0.308333 0.233333 0.283333
0 0.351667 0.815000 0.196667 0.263333
0 0.793333 0.405000 0.220000 0.370000
0 0.806667 0.125000 0.206667 0.243333
0 0.308333 0.228333 0.143333 0.143333
0 0.116667 0.580000 0.120000 0.193333
