0 0.268125 0.230000 0.108750 0.102500
0 0.397500 0.886875 0.110000 0.111250
0 0.299375 0.861250 0.121250 0.107500
0 0.244375 0.125000 0.111250 0.095000
0 0.620625 0.881250 0.168750 0.167500
0 0.528750 0.973750 0.125000 0.052500
0 0.795625 0.731250 0.126250 0.117500
0 0.610625 0.587500 0.116250 0.132500
0 0.353125 0.968125 0.108750 0.063750
0 0.056875 0.230000 0.106250 0.107500
0 0.647500 0.337500 0.105000 0.102500
0 0.911250 0.195625 0.080000 0.101250
0 0.801250 0.623125 0.130000 0.123750
0 0.745625 0.530000 0.123750 0.115000
0 0.643750 0.226875 0.117500 0.121250
0 0.671250 0.685000 0.127500 0.125000
0 0.309375 0.938750 0.093750 0.062500
0 0.522500 0.623750 0.105000 0.105000
0 0.457500 0.719375 0.092500 0.113750
0 0.201875 0.450000 0.123750 0.117500
0 0.732500 0.246875 0.102500 0.123750
0 0.067500 0.168750 0.107500 0.090000
0 0.450000 0.618125 0.067500 0.093750
0 0.138125 0.135000 0.101250 0.105000
0 0.528125 0.536250 0.093750 0.092500
0 0.699375 0.800625 0.118750 0.111250
0 0.353750 0.295625 0.097500 0.123750
0 0.170625 0.270625 0.118750 0.116250
0 0.449375 0.038125 0.066250 0.061250
0 0.618125 0.490000 0.108750 0.090000
0 0.051875 0.336875 0.101250 0.118750
0 0.819375 0.306250 0.126250 0.102500
0 0.832500 0.204375 0.115000 0.113750
0 0.554375 0.740000 0.133750 0.155000
0 0.046250 0.076875 0.090000 0.108750
0 0.142500 0.383750 0.132500 0.120000
0 0.769375 0.388125 0.123750 0.101250
0 0.703125 0.144375 0.098750 0.101250
0 0.246875 0.333750 0.113750 0.110000
0 0.544375 0.059375 0.123750 0.116250
0 0.923125 0.295625 0.098750 0.106250
0 0.293125 0.433125 0.103750 0.113750
