0 0.238750 0.251407 0.155000 0.240150
0 0.943750 0.156660 0.072500 0.103189
0 0.654375 0.431520 0.103750 0.206379
0 0.368750 0.423077 0.155000 0.230769
0 0.193750 0.842402 0.220000 0.300188
0 0.621875 0.863977 0.208750 0.272045
0 0.380000 0.232645 0.142500 0.187617
0 0.628750 0.224203 0.140000 0.204503
0 0.095000 0.464353 0.187500 0.298311
0 0.736875 0.492495 0.158750 0.223265
0 0.550625 0.620075 0.203750 0.279550
0 0.526250 0.381801 0.177500 0.238274
0 0.755625 0.750469 0.201250 0.296435
0 0.485625 0.159475 0.118750 0.176360
0 0.402500 0.666979 0.145000 0.264540
0 0.114375 0.725141 0.148750 0.253283
0 0.261250 0.562852 0.220000 0.307692
0 0.889375 0.475610 0.153750 0.215760
0 0.683750 0.146341 0.117500 0.168856
