0 0.640278 0.155650 0.095370 0.247335
0 0.751852 0.167377 0.094444 0.211087
0 0.395370 0.836887 0.083333 0.159915
0 0.640741 0.829424 0.092593 0.174840
0 0.408796 0.160981 0.106481 0.219616
0 0.273611 0.801706 0.110185 0.230277
0 0.513889 0.814499 0.100000 0.204691
0 0.762037 0.823028 0.098148 0.187633
0 0.643519 0.465885 0.116667 0.287846
0 0.382870 0.478678 0.112037 0.283582
0 0.282407 0.130064 0.105556 0.251599
0 0.514815 0.484009 0.112963 0.260128
0 0.527778 0.159915 0.090741 0.213220
0 0.253241 0.479744 0.104630 0.264392
0 0.766667 0.509595 0.098148 0.221748
