0 0.954286 0.314000 0.091429 0.296000
0 0.862857 0.135000 0.202857 0.258000
0 0.435000 0.301000 0.218571 0.286000
0 0.067857 0.877000 0.132857 0.246000
0 0.591429 0.876000 0.228571 0.248000
0 0.295714 0.123000 0.214286 0.242000
0 0.297143 0.873000 0.220000 0.254000
0 0.592857 0.505000 0.225714 0.278000
0 0.884286 0.505000 0.208571 0.302000
0 0.877857 0.873000 0.212857 0.254000
0 0.590714 0.129000 0.207143 0.254000
0 0.294286 0.871000 0.220000 0.246000
0 0.956429 0.714000 0.087143 0.292000
0 0.155000 0.312000 0.204286 0.292000
0 0.062857 0.138000 0.122857 0.264000
0 0.742857 0.688000 0.208571 0.304000
0 0.735714 0.307000 0.208571 0.290000
0 0.156429 0.690000 0.207143 0.300000
0 0.441429 0.683000 0.205714 0.294000
0 0.060000 0.485000 0.117143 0.302000
0 0.297143 0.505000 0.211429 0.290000
