0 0.514167 0.205556 0.125000 0.166667
0 0.925833 0.578889 0.148333 0.255556
0 0.283333 0.441111 0.136667 0.202222
0 0.385000 0.731111 0.110000 0.151111
0 0.108333 0.268889 0.140000 0.195556
0 0.747500 0.091111 0.121667 0.177778
0 0.589167 0.861111 0.095000 0.135556
0 0.655000 0.742222 0.093333 0.120000
0 0.783333 0.601111 0.123333 0.166667
0 0.432500 0.670000 0.095000 0.148889
0 0.874167 0.421111 0.158333 0.220000
0 0.919167 0.848889 0.125000 0.177778
0 0.260000 0.865556 0.123333 0.180000
0 0.019167 0.795556 0.035000 0.088889
0 0.680833 0.435556 0.105000 0.133333
0 0.180833 0.944444 0.135000 0.111111
0 0.431667 0.920000 0.096667 0.155556
0 0.790000 0.950000 0.116667 0.100000
0 0.105833 0.123333 0.131667 0.148889
0 0.530833 0.647778 0.105000 0.148889
