0 0.106000 0.321990 0.160000 0.256545
0 0.078000 0.678010 0.152000 0.570681
0 0.223000 0.573298 0.158000 0.518325
0 0.356000 0.183246 0.152000 0.282723
0 0.603000 0.549738 0.166000 0.460733
0 0.277000 0.316754 0.162000 0.225131
0 0.846000 0.672775 0.192000 0.549738
0 0.944000 0.526178 0.112000 0.539267
0 0.044000 0.172775 0.084000 0.251309
0 0.953000 0.217277 0.094000 0.162304
0 0.868000 0.172775 0.156000 0.240838
0 0.570000 0.678010 0.184000 0.560209
0 0.185000 0.214660 0.150000 0.251309
0 0.414000 0.565445 0.164000 0.554974
0 0.293000 0.696335 0.202000 0.544503
0 0.699000 0.180628 0.154000 0.256545
0 0.531000 0.191099 0.158000 0.267016
0 0.775000 0.539267 0.166000 0.534031
0 0.070000 0.395288 0.136000 0.193717
