0 0.037500 0.567708 0.071875 0.093750
0 0.765625 0.746875 0.081250 0.139583
0 0.514844 0.936458 0.085938 0.110417
0 0.327344 0.446875 0.092188 0.110417
0 0.953906 0.768750 0.092188 0.129167
0 0.443750 0.945833 0.078125 0.100000
0 0.821094 0.869792 0.110938 0.147917
0 0.103125 0.521875 0.071875 0.097917
0 0.070312 0.389583 0.075000 0.104167
0 0.603125 0.857292 0.090625 0.135417
0 0.147656 0.461458 0.054688 0.097917
0 0.801563 0.479167 0.100000 0.145833
0 0.089844 0.313542 0.085938 0.097917
0 0.713281 0.881250 0.101562 0.125000
0 0.856250 0.761458 0.106250 0.131250
0 0.034375 0.460417 0.062500 0.083333
0 0.096875 0.771875 0.078125 0.093750
0 0.964063 0.891667 0.071875 0.125000
0 0.903125 0.453125 0.100000 0.127083
0 0.575000 0.495833 0.365625 0.416667
0 0.875781 0.578125 0.104688 0.122917
0 0.671875 0.788542 0.115625 0.127083
0 0.142969 0.370833 0.070312 0.083333
0 0.134375 0.720833 0.050000 0.108333
