0 0.048438 0.312646 0.062500 0.096019
0 0.667188 0.681499 0.131250 0.206089
0 0.420313 0.298595 0.081250 0.105386
0 0.111719 0.594848 0.104688 0.112412
0 0.689063 0.455504 0.100000 0.147541
0 0.712500 0.228337 0.065625 0.077283
0 0.930469 0.309133 0.095313 0.131148
0 0.178125 0.409836 0.103125 0.145199
0 0.574219 0.555035 0.117188 0.196721
0 0.259375 0.596019 0.103125 0.166276
0 0.810938 0.718970 0.125000 0.192037
0 0.242188 0.768150 0.115625 0.154567
0 0.073438 0.401639 0.096875 0.124122
0 0.529687 0.309133 0.084375 0.112412
0 0.457031 0.699063 0.151563 0.213115
0 0.741406 0.817330 0.129688 0.163934
0 0.437500 0.901639 0.153125 0.196721
0 0.414844 0.413349 0.107813 0.152225
0 0.339844 0.563232 0.101562 0.166276
0 0.302344 0.407494 0.098438 0.112412
0 0.825000 0.261124 0.087500 0.114754
0 0.293750 0.298595 0.100000 0.128806
0 0.678125 0.900468 0.146875 0.194379
0 0.485156 0.238876 0.079688 0.117096
0 0.239844 0.483607 0.098438 0.128806
0 0.870313 0.403981 0.075000 0.119438
0 0.167969 0.675644 0.098438 0.138173
0 0.596875 0.343091 0.093750 0.119438
0 0.934375 0.476581 0.103125 0.128806
0 0.450000 0.521077 0.131250 0.185012
0 0.693750 0.324356 0.087500 0.133489
0 0.574219 0.820843 0.145313 0.217799
0 0.767188 0.565574 0.118750 0.170960
