0 0.170000 0.884221 0.072308 0.096311
0 0.479231 0.883197 0.078462 0.102459
0 0.132308 0.951844 0.058462 0.088115
0 0.253846 0.906762 0.064615 0.084016
0 0.519231 0.730533 0.066154 0.075820
0 0.525385 0.954918 0.078462 0.086066
0 0.443846 0.962090 0.075385 0.075820
0 0.550769 0.904713 0.067692 0.084016
0 0.365385 0.816598 0.075385 0.096311
0 0.210000 0.945697 0.072308 0.084016
0 0.290000 0.825820 0.084615 0.098361
0 0.321538 0.907787 0.076923 0.094262
0 0.460769 0.787910 0.078462 0.096311
0 0.398462 0.887295 0.076923 0.098361
0 0.351538 0.965164 0.075385 0.069672
