0 0.477333 0.696000 0.200000 0.133333
0 0.272667 0.394000 0.161333 0.129333
0 0.250667 0.522000 0.133333 0.134667
0 0.784667 0.298667 0.198667 0.162667
0 0.756667 0.060000 0.185333 0.117333
0 0.364667 0.562000 0.233333 0.166667
0 0.620667 0.198667 0.190667 0.162667
0 0.554000 0.064000 0.214667 0.125333
0 0.625333 0.617333 0.226667 0.170667
0 0.236667 0.698667 0.236000 0.160000
0 0.392000 0.436000 0.200000 0.133333
0 0.328000 0.114667 0.189333 0.165333
0 0.698000 0.493333 0.225333 0.152000
0 0.255333 0.269333 0.156000 0.128000
0 0.396000 0.306000 0.189333 0.134667
0 0.576000 0.366667 0.208000 0.138667
0 0.840000 0.682667 0.248000 0.154667
0 0.488667 0.222667 0.150667 0.138667
