0 0.386458 0.847181 0.118750 0.163205
0 0.485417 0.768546 0.137500 0.160237
0 0.966667 0.452522 0.062500 0.175074
0 0.287500 0.818991 0.095833 0.183976
0 0.150000 0.853116 0.125000 0.169139
0 0.447917 0.405045 0.125000 0.186944
0 0.520833 0.078635 0.112500 0.151335
0 0.420833 0.057864 0.120833 0.109792
0 0.213542 0.786350 0.135417 0.195846
0 0.608333 0.231454 0.129167 0.189911
0 0.858333 0.385757 0.116667 0.183976
0 0.557292 0.470326 0.131250 0.186944
0 0.482292 0.921365 0.118750 0.151335
0 0.745833 0.433234 0.116667 0.172107
0 0.619792 0.830861 0.127083 0.154303
0 0.321875 0.556380 0.143750 0.198813
0 0.811458 0.951039 0.122917 0.091988
0 0.671875 0.559347 0.127083 0.175074
0 0.069792 0.750742 0.127083 0.189911
0 0.484375 0.270030 0.131250 0.195846
0 0.507292 0.637982 0.135417 0.207715
0 0.786458 0.594955 0.110417 0.157270
0 0.741667 0.848665 0.116667 0.166172
