0 0.429839 0.495526 0.046774 0.078300
0 0.374194 0.498881 0.061290 0.089485
0 0.552419 0.170022 0.088710 0.129754
0 0.278226 0.148770 0.088710 0.127517
0 0.480645 0.487696 0.067742 0.085011
0 0.086290 0.953020 0.066129 0.085011
0 0.774194 0.318792 0.103226 0.131991
0 0.173387 0.491051 0.137097 0.145414
0 0.087903 0.623043 0.166129 0.234899
0 0.919355 0.719239 0.125806 0.158837
0 0.290323 0.243848 0.054839 0.053691
0 0.608065 0.605145 0.090323 0.109620
0 0.447581 0.601790 0.056452 0.076063
0 0.625000 0.483221 0.066129 0.076063
0 0.624194 0.228188 0.083871 0.111857
0 0.220161 0.190157 0.059677 0.062640
0 0.381452 0.310962 0.111290 0.138702
0 0.873387 0.131991 0.079032 0.102908
0 0.216129 0.866890 0.058065 0.078300
0 0.400806 0.189038 0.095161 0.123043
0 0.544355 0.263982 0.069355 0.089485
0 0.820968 0.617450 0.061290 0.093960
0 0.209677 0.241611 0.058065 0.053691
0 0.741935 0.503356 0.058065 0.067114
0 0.691935 0.627517 0.048387 0.060403
0 0.233871 0.643177 0.125806 0.181208
0 0.954839 0.291946 0.090323 0.123043
0 0.695968 0.227069 0.066129 0.087248
0 0.390323 0.626398 0.054839 0.080537
0 0.478226 0.035794 0.062903 0.067114
0 0.770161 0.217002 0.098387 0.098434
