0 0.218000 0.118132 0.072000 0.087912
0 0.777000 0.118132 0.070000 0.087912
0 0.189000 0.664835 0.086000 0.115385
0 0.760000 0.204670 0.060000 0.090659
0 0.823000 0.847527 0.074000 0.118132
0 0.805000 0.666209 0.086000 0.112637
0 0.270000 0.890110 0.088000 0.115385
0 0.831000 0.177198 0.046000 0.079670
0 0.183000 0.442308 0.074000 0.109890
0 0.126000 0.817308 0.064000 0.085165
0 0.721000 0.879121 0.090000 0.115385
0 0.253000 0.618132 0.070000 0.087912
0 0.733000 0.461538 0.086000 0.115385
0 0.249000 0.291209 0.070000 0.093407
0 0.868000 0.815934 0.068000 0.082418
0 0.172000 0.850275 0.076000 0.112637
0 0.819000 0.446429 0.078000 0.112637
0 0.264000 0.461538 0.084000 0.104396
0 0.744000 0.293956 0.076000 0.093407
0 0.237000 0.208791 0.062000 0.082418
