0 0.678906 0.048066 0.142187 0.093787
0 0.350000 0.201641 0.118750 0.110199
0 0.581250 0.844666 0.218750 0.137163
0 0.059375 0.199297 0.115625 0.117233
0 0.788281 0.208675 0.132812 0.103165
0 0.599219 0.123095 0.110938 0.103165
0 0.610156 0.392732 0.145313 0.110199
0 0.686719 0.524619 0.173438 0.141852
0 0.384375 0.114889 0.118750 0.089097
0 0.160156 0.087339 0.142187 0.101993
0 0.039062 0.294842 0.075000 0.113716
0 0.534375 0.442556 0.175000 0.130129
0 0.890625 0.742087 0.215625 0.154748
0 0.103125 0.354631 0.178125 0.111372
0 0.492188 0.585580 0.153125 0.125440
0 0.214844 0.677608 0.173438 0.140680
0 0.682813 0.700469 0.200000 0.151231
0 0.662500 0.313013 0.156250 0.110199
0 0.500000 0.277257 0.143750 0.113716
0 0.098438 0.454865 0.150000 0.084408
0 0.670313 0.162368 0.137500 0.092614
0 0.878906 0.521688 0.192188 0.138335
0 0.360938 0.770809 0.206250 0.148886
0 0.933594 0.217468 0.132812 0.144197
0 0.783594 0.095545 0.167188 0.118406
0 0.366406 0.301290 0.160938 0.089097
0 0.116406 0.569168 0.195312 0.141852
0 0.349219 0.649472 0.160938 0.105510
0 0.472656 0.070340 0.132812 0.098476
0 0.303125 0.535756 0.190625 0.131301
0 0.787500 0.641852 0.168750 0.127784
0 0.285938 0.058030 0.140625 0.099648
0 0.371094 0.379250 0.160938 0.123095
0 0.521094 0.719812 0.192188 0.140680
0 0.880469 0.397421 0.173438 0.105510
0 0.567969 0.224502 0.120313 0.094959
0 0.271875 0.233294 0.143750 0.112544
0 0.274219 0.148300 0.117188 0.085580
0 0.264844 0.422040 0.170313 0.103165
0 0.169531 0.273740 0.170313 0.125440
0 0.457031 0.184056 0.129688 0.105510
0 0.929688 0.070340 0.140625 0.110199
0 0.148438 0.165299 0.156250 0.103165
0 0.944531 0.640680 0.110938 0.094959
0 0.828125 0.306565 0.162500 0.111372
0 0.673438 0.240914 0.134375 0.062134
0 0.738281 0.455451 0.160938 0.094959
