0 0.711818 0.182505 0.201818 0.269978
0 0.099091 0.805616 0.194545 0.319654
0 0.249091 0.180346 0.196364 0.248380
0 0.602727 0.382289 0.205455 0.246220
0 0.720000 0.585313 0.214545 0.263499
0 0.345455 0.374730 0.200000 0.257019
0 0.226364 0.585313 0.198182 0.267819
0 0.331818 0.809935 0.205455 0.259179
0 0.465455 0.589633 0.196364 0.254860
0 0.601818 0.822894 0.214545 0.280778
0 0.471818 0.178186 0.212727 0.261339
0 0.927273 0.188985 0.141818 0.257019
0 0.860000 0.822894 0.203636 0.293737
0 0.933636 0.596112 0.132727 0.254860
0 0.843636 0.386609 0.203636 0.254860
0 0.109091 0.357451 0.203636 0.261339
