0 0.076855 0.161017 0.150177 0.310734
0 0.944346 0.738701 0.111307 0.285311
0 0.498233 0.450565 0.201413 0.324859
0 0.898410 0.161017 0.203180 0.310734
0 0.464664 0.156780 0.187279 0.302260
0 0.256184 0.159605 0.201413 0.285311
0 0.916078 0.463277 0.164311 0.327684
0 0.217314 0.795198 0.243816 0.353107
0 0.708481 0.153955 0.194346 0.302260
0 0.264134 0.446328 0.224382 0.338983
0 0.060954 0.420904 0.118375 0.293785
0 0.755300 0.762712 0.242049 0.322034
0 0.730565 0.463277 0.199647 0.338983
0 0.509717 0.772599 0.242049 0.398305
