0 0.628000 0.335000 0.136000 0.146000
0 0.879000 0.431000 0.114000 0.118000
0 0.829000 0.311000 0.130000 0.142000
0 0.506000 0.282000 0.132000 0.148000
0 0.547000 0.562000 0.146000 0.132000
0 0.542000 0.685000 0.132000 0.130000
0 0.328000 0.598000 0.100000 0.140000
0 0.752000 0.405000 0.124000 0.138000
0 0.572000 0.462000 0.152000 0.156000
0 0.901000 0.734000 0.130000 0.148000
0 0.943000 0.270000 0.114000 0.140000
0 0.427000 0.947000 0.126000 0.102000
0 0.681000 0.153000 0.138000 0.138000
0 0.581000 0.052000 0.130000 0.100000
0 0.179000 0.626000 0.130000 0.132000
0 0.530000 0.943000 0.108000 0.114000
0 0.694000 0.606000 0.132000 0.108000
0 0.366000 0.401000 0.148000 0.154000
0 0.827000 0.628000 0.130000 0.132000
0 0.967000 0.765000 0.062000 0.138000
0 0.545000 0.180000 0.142000 0.144000
0 0.437000 0.624000 0.122000 0.132000
0 0.252000 0.575000 0.144000 0.158000
0 0.051000 0.871000 0.098000 0.146000
0 0.464000 0.033000 0.112000 0.062000
0 0.125000 0.820000 0.142000 0.132000
0 0.353000 0.831000 0.130000 0.134000
