0 0.815972 0.410417 0.112500 0.187500
0 0.587500 0.818750 0.163889 0.275000
0 0.384722 0.538542 0.105556 0.135417
0 0.707639 0.756250 0.104167 0.158333
0 0.825694 0.668750 0.134722 0.137500
0 0.645139 0.601042 0.109722 0.160417
0 0.302083 0.813542 0.148611 0.202083
0 0.516667 0.757292 0.130556 0.206250
0 0.229167 0.764583 0.119444 0.200000
0 0.363194 0.886458 0.134722 0.202083
0 0.727778 0.653125 0.108333 0.164583
0 0.924306 0.443750 0.145833 0.175000
0 0.436806 0.719792 0.129167 0.210417
0 0.442361 0.905208 0.176389 0.177083
0 0.170139 0.703125 0.115278 0.189583
0 0.470139 0.577083 0.123611 0.166667
