0 0.643333 0.964167 0.060000 0.071667
0 0.040000 0.735833 0.077778 0.148333
0 0.147778 0.100000 0.042222 0.060000
0 0.637778 0.878333 0.064444 0.106667
0 0.106111 0.432500 0.134444 0.178333
0 0.448889 0.640833 0.106667 0.158333
0 0.196111 0.762500 0.050000 0.061667
0 0.192222 0.894167 0.088889 0.125000
0 0.211111 0.595000 0.097778 0.133333
0 0.087778 0.934167 0.095556 0.118333
0 0.257222 0.483333 0.110000 0.150000
0 0.249444 0.319167 0.105556 0.148333
0 0.100556 0.792500 0.058889 0.088333
0 0.535000 0.739167 0.123333 0.188333
0 0.433333 0.140833 0.100000 0.165000
0 0.123333 0.135000 0.042222 0.053333
0 0.553889 0.095000 0.156667 0.186667
0 0.462222 0.814167 0.088889 0.151667
0 0.547222 0.567500 0.114444 0.158333
