0 0.586875 0.228750 0.021250 0.037500
0 0.290000 0.860000 0.065000 0.135000
0 0.311250 0.573750 0.055000 0.087500
0 0.185625 0.066250 0.056250 0.107500
0 0.411875 0.575000 0.051250 0.090000
0 0.298750 0.741250 0.065000 0.102500
0 0.936250 0.425000 0.047500 0.085000
0 0.353750 0.856250 0.067500 0.127500
0 0.396250 0.945000 0.072500 0.100000
0 0.953750 0.673750 0.092500 0.127500
0 0.439375 0.292500 0.028750 0.055000
0 0.466250 0.943750 0.070000 0.102500
0 0.080625 0.650000 0.018750 0.045000
0 0.545625 0.378750 0.053750 0.117500
0 0.855000 0.550000 0.055000 0.105000
0 0.327500 0.286250 0.032500 0.057500
0 0.582500 0.262500 0.022500 0.035000
0 0.420625 0.740000 0.063750 0.100000
0 0.266875 0.577500 0.031250 0.080000
0 0.690625 0.216250 0.028750 0.057500
0 0.534375 0.265000 0.026250 0.035000
0 0.895625 0.405000 0.038750 0.055000
0 0.229375 0.071250 0.038750 0.082500
0 0.358750 0.658750 0.057500 0.092500
0 0.301875 0.657500 0.056250 0.100000
0 0.471250 0.648750 0.057500 0.107500
0 0.565625 0.232500 0.021250 0.050000
0 0.728750 0.275000 0.032500 0.045000
0 0.950000 0.817500 0.100000 0.195000
0 0.820000 0.688750 0.075000 0.117500
0 0.087500 0.691250 0.022500 0.042500
0 0.114375 0.161250 0.066250 0.107500
0 0.909375 0.606250 0.073750 0.127500
0 0.860000 0.877500 0.150000 0.235000
0 0.186250 0.170000 0.065000 0.100000
0 0.036875 0.163750 0.063750 0.092500
0 0.043750 0.081250 0.055000 0.097500
0 0.414375 0.653750 0.058750 0.087500
0 0.460625 0.572500 0.051250 0.090000
0 0.421875 0.842500 0.071250 0.125000
0 0.108125 0.391250 0.061250 0.132500
0 0.554375 0.177500 0.023750 0.035000
0 0.361875 0.750000 0.061250 0.105000
0 0.323750 0.331250 0.040000 0.057500
0 0.360625 0.583750 0.053750 0.087500
0 0.320625 0.952500 0.081250 0.090000
0 0.477500 0.745000 0.050000 0.105000
0 0.696250 0.265000 0.025000 0.040000
0 0.555625 0.148750 0.021250 0.037500
0 0.543750 0.235000 0.022500 0.045000
0 0.573125 0.197500 0.023750 0.040000
0 0.548125 0.202500 0.021250 0.035000
0 0.369375 0.420000 0.036250 0.050000
