0 0.713930 0.702512 0.044776 0.067504
0 0.968657 0.583987 0.040796 0.056515
0 0.271642 0.671900 0.037811 0.053375
0 0.038806 0.143642 0.045771 0.070644
0 0.330348 0.074568 0.031841 0.054945
0 0.763184 0.358713 0.051741 0.080063
0 0.816418 0.689953 0.034826 0.051805
0 0.151244 0.725275 0.035821 0.056515
0 0.430846 0.458399 0.055721 0.094192
0 0.627861 0.379121 0.051741 0.083203
0 0.314428 0.367347 0.041791 0.065934
0 0.197512 0.558085 0.032836 0.051805
0 0.523383 0.725275 0.047761 0.075353
0 0.519403 0.879906 0.051741 0.083203
0 0.401990 0.383046 0.053731 0.084772
0 0.623881 0.132653 0.067662 0.114600
0 0.128856 0.773940 0.036816 0.056515
0 0.692040 0.229984 0.056716 0.070644
0 0.268657 0.491366 0.035821 0.050235
0 0.247761 0.437206 0.035821 0.058085
0 0.579602 0.758242 0.048756 0.081633
0 0.563184 0.131083 0.061692 0.092622
0 0.184577 0.908163 0.030846 0.048666
0 0.476119 0.147567 0.064677 0.103611
0 0.347264 0.715071 0.043781 0.067504
0 0.234826 0.645212 0.037811 0.062794
0 0.191542 0.749608 0.030846 0.054945
0 0.340299 0.788854 0.041791 0.061224
0 0.553731 0.277080 0.052736 0.080063
0 0.679104 0.638148 0.050746 0.067504
0 0.316418 0.883046 0.037811 0.067504
0 0.291045 0.599686 0.036816 0.059655
0 0.825871 0.098901 0.045771 0.069074
0 0.064179 0.088697 0.042786 0.067504
