0 0.958730 0.671296 0.082540 0.142593
0 0.421429 0.860185 0.119048 0.120370
0 0.522222 0.855556 0.114286 0.140741
0 0.808730 0.540741 0.128571 0.125926
0 0.561905 0.382407 0.142857 0.146296
0 0.050794 0.777778 0.098413 0.137037
0 0.492063 0.213889 0.133333 0.127778
0 0.679365 0.529630 0.133333 0.133333
0 0.430952 0.535185 0.125397 0.122222
0 0.928571 0.197222 0.130159 0.127778
0 0.345238 0.734259 0.134921 0.135185
0 0.533333 0.599074 0.123810 0.124074
0 0.877778 0.649074 0.120635 0.138889
0 0.531746 0.480556 0.149206 0.124074
0 0.246825 0.489815 0.138095 0.146296
0 0.130159 0.727778 0.136508 0.133333
0 0.038095 0.950926 0.073016 0.094444
0 0.732540 0.328704 0.125397 0.127778
0 0.857143 0.351852 0.107937 0.122222
0 0.535714 0.112963 0.138095 0.148148
0 0.667460 0.080556 0.128571 0.138889
0 0.365079 0.324074 0.149206 0.151852
0 0.612698 0.259259 0.133333 0.140741
0 0.815873 0.237037 0.126984 0.140741
