0 0.499537 0.508237 0.145370 0.285008
0 0.855556 0.287479 0.177778 0.311367
0 0.649537 0.869852 0.125000 0.197694
0 0.251389 0.538715 0.123148 0.280066
0 0.595370 0.707578 0.124074 0.242175
0 0.589815 0.941516 0.137037 0.113674
0 0.333796 0.462109 0.169444 0.304778
0 0.149074 0.434102 0.116667 0.196046
0 0.860648 0.574135 0.123148 0.192751
0 0.461574 0.217463 0.152778 0.266886
0 0.221296 0.627677 0.105556 0.191104
0 0.262500 0.729819 0.108333 0.144975
0 0.604167 0.328666 0.154630 0.311367
0 0.196296 0.825371 0.127778 0.217463
