0 0.214000 0.894667 0.329333 0.205333
0 0.644667 0.838667 0.300000 0.240000
0 0.280000 0.346000 0.280000 0.214667
0 0.874667 0.690000 0.248000 0.212000
0 0.375333 0.708000 0.302667 0.226667
0 0.558667 0.332667 0.266667 0.204000
0 0.166000 0.554000 0.300000 0.228000
0 0.686000 0.572000 0.262667 0.202667
0 0.086000 0.212000 0.169333 0.221333
0 0.796667 0.305333 0.246667 0.197333
0 0.441333 0.504667 0.261333 0.193333
0 0.856000 0.942000 0.285333 0.116000
0 0.311333 0.155333 0.286667 0.209333
0 0.632667 0.157333 0.260000 0.218667
