0 0.107333 0.915500 0.169333 0.137000
0 0.963333 0.264000 0.073333 0.050000
0 0.803333 0.325000 0.068000 0.052000
0 0.374000 0.304500 0.041333 0.039000
0 0.308667 0.561500 0.089333 0.075000
0 0.688000 0.811000 0.058667 0.048000
0 0.154000 0.109500 0.052000 0.043000
0 0.442000 0.564000 0.193333 0.168000
0 0.454667 0.873000 0.040000 0.032000
0 0.419333 0.097500 0.097333 0.079000
0 0.522000 0.840500 0.036000 0.031000
0 0.372000 0.029500 0.098667 0.055000
0 0.542667 0.874500 0.032000 0.029000
0 0.308667 0.954000 0.182667 0.092000
0 0.882000 0.762000 0.054667 0.042000
0 0.700667 0.915500 0.044000 0.037000
0 0.796667 0.692000 0.062667 0.044000
0 0.024667 0.429500 0.046667 0.061000
0 0.439333 0.856500 0.041333 0.033000
0 0.762667 0.733000 0.037333 0.036000
0 0.610000 0.237500 0.342667 0.281000
0 0.650000 0.845500 0.054667 0.041000
0 0.677333 0.072000 0.096000 0.076000
0 0.646667 0.570000 0.248000 0.190000
0 0.886667 0.357500 0.056000 0.043000
0 0.824000 0.778000 0.040000 0.034000
0 0.839333 0.507000 0.230667 0.182000
0 0.419333 0.313500 0.036000 0.037000
0 0.230000 0.420500 0.150667 0.115000
0 0.220000 0.699000 0.216000 0.170000
0 0.678667 0.768500 0.050667 0.037000
0 0.731333 0.753000 0.041333 0.034000
0 0.366667 0.085000 0.064000 0.068000
0 0.531333 0.464500 0.132000 0.095000
0 0.610667 0.730000 0.042667 0.032000
0 0.118667 0.615000 0.197333 0.140000
0 0.470667 0.029000 0.088000 0.056000
0 0.112000 0.498500 0.154667 0.097000
0 0.404000 0.254000 0.058667 0.044000
