0 0.457407 0.218519 0.064815 0.091358
0 0.230556 0.674691 0.096296 0.134568
0 0.404167 0.535802 0.071296 0.093827
0 0.471296 0.293210 0.061111 0.085185
0 0.938426 0.211111 0.076852 0.101235
0 0.707870 0.629012 0.045370 0.062963
0 0.926852 0.390741 0.031481 0.045679
0 0.466667 0.446914 0.035185 0.049383
0 0.969907 0.033951 0.060185 0.060494
0 0.581019 0.195679 0.058333 0.080247
0 0.754630 0.645679 0.040741 0.056790
0 0.589815 0.371605 0.037037 0.046914
0 0.702778 0.362346 0.040741 0.048148
0 0.982407 0.520988 0.035185 0.064198
0 0.673148 0.253086 0.062963 0.076543
0 0.513426 0.436420 0.065741 0.090123
0 0.455093 0.021605 0.062037 0.040741
0 0.863426 0.616667 0.049074 0.062963
0 0.770370 0.306790 0.040741 0.050617
0 0.950926 0.633333 0.046296 0.059259
0 0.635185 0.293210 0.048148 0.070370
0 0.778241 0.548765 0.041667 0.055556
0 0.343981 0.543210 0.043519 0.056790
0 0.889352 0.291358 0.058333 0.086420
0 0.885185 0.370988 0.033333 0.040741
0 0.371759 0.193210 0.091667 0.107407
0 0.561574 0.037037 0.082407 0.071605
0 0.968981 0.091358 0.060185 0.061728
0 0.902778 0.651852 0.050000 0.061728
0 0.387963 0.326543 0.088889 0.114815
0 0.681481 0.324074 0.044444 0.053086
0 0.585648 0.871605 0.047222 0.066667
0 0.384259 0.630247 0.079630 0.124691
0 0.851389 0.768519 0.047222 0.060494
0 0.338889 0.908025 0.103704 0.166667
0 0.246759 0.854938 0.069444 0.095062
0 0.242130 0.539506 0.086111 0.116049
0 0.760185 0.446296 0.038889 0.048148
0 0.728241 0.300000 0.049074 0.076543
0 0.582407 0.730864 0.042593 0.066667
0 0.925463 0.496296 0.058333 0.071605
