0 0.107928 0.303385 0.142940 0.100694
0 0.497396 0.905165 0.213542 0.175781
0 0.253472 0.035156 0.057870 0.031250
0 0.903935 0.255208 0.153935 0.125000
0 0.897569 0.616102 0.186343 0.141927
0 0.413484 0.499566 0.171875 0.133681
0 0.240451 0.063368 0.056134 0.033854
0 0.506076 0.741536 0.221644 0.170573
0 0.579282 0.450304 0.187500 0.136719
0 0.332755 0.621745 0.206019 0.161892
0 0.151620 0.411675 0.179398 0.128906
0 0.642072 0.255642 0.152199 0.106771
0 0.075231 0.511936 0.142361 0.166233
0 0.341435 0.228516 0.113426 0.108073
0 0.781829 0.296224 0.160880 0.122830
0 0.670428 0.365668 0.130208 0.117622
0 0.402199 0.363064 0.186343 0.135851
0 0.703414 0.125000 0.131366 0.086806
0 0.161458 0.779080 0.199074 0.131076
0 0.835648 0.104167 0.135417 0.092014
0 0.826100 0.736762 0.217014 0.166233
0 0.924769 0.481554 0.150463 0.128906
0 0.071759 0.192925 0.082176 0.057726
0 0.491319 0.612847 0.160880 0.126736
0 0.697917 0.927083 0.187500 0.145833
0 0.551215 0.321615 0.190394 0.135417
0 0.877025 0.370009 0.133681 0.094184
0 0.046875 0.787543 0.092593 0.181858
0 0.804398 0.447700 0.178241 0.127170
0 0.325810 0.853082 0.200231 0.186198
0 0.117477 0.658637 0.233796 0.177517
0 0.685764 0.055990 0.123843 0.095486
0 0.254630 0.486979 0.167824 0.135417
0 0.685185 0.827257 0.187500 0.117188
0 0.208333 0.212240 0.173611 0.136285
0 0.048611 0.337023 0.091435 0.123698
0 0.363137 0.118924 0.100116 0.062500
0 0.239873 0.336589 0.177662 0.128906
0 0.681134 0.557943 0.199074 0.148003
0 0.848958 0.197049 0.128472 0.086806
0 0.584491 0.068359 0.091435 0.083767
0 0.278935 0.110243 0.106481 0.086806
0 0.486690 0.213108 0.174769 0.134549
0 0.126157 0.147352 0.083333 0.060330
0 0.792245 0.059245 0.108796 0.080295
0 0.457176 0.043837 0.113426 0.083333
0 0.639468 0.704861 0.192130 0.163194
0 0.672454 0.176215 0.136574 0.100694
0 0.135995 0.910807 0.263889 0.176649
