0 0.206250 0.922656 0.168750 0.151563
0 0.571094 0.481250 0.160938 0.153125
0 0.693750 0.508594 0.121875 0.135938
0 0.451563 0.445312 0.140625 0.159375
0 0.198438 0.371875 0.162500 0.150000
0 0.755469 0.127344 0.148438 0.142187
0 0.176563 0.178906 0.162500 0.154688
0 0.858594 0.213281 0.154688 0.145313
0 0.375781 0.685938 0.151563 0.156250
0 0.822656 0.939063 0.151563 0.121875
0 0.300781 0.622656 0.173438 0.148438
0 0.783594 0.769531 0.151563 0.145313
0 0.542188 0.079688 0.159375 0.156250
0 0.064844 0.653125 0.123438 0.181250
