0 0.645333 0.685333 0.234667 0.162667
0 0.343333 0.716000 0.206667 0.170667
0 0.239333 0.807333 0.185333 0.142667
0 0.562667 0.050667 0.093333 0.080000
0 0.201333 0.204000 0.109333 0.085333
0 0.278667 0.485333 0.130667 0.098667
0 0.487333 0.225333 0.150667 0.130667
0 0.489333 0.400667 0.165333 0.118667
0 0.972667 0.445333 0.052000 0.069333
0 0.911333 0.440667 0.081333 0.068000
0 0.343333 0.212667 0.126667 0.129333
0 0.676000 0.441333 0.216000 0.165333
0 0.364667 0.409333 0.129333 0.112000
0 0.560000 0.546667 0.232000 0.178667
0 0.454000 0.107333 0.137333 0.118667
0 0.499333 0.812667 0.262667 0.209333
0 0.456000 0.496667 0.184000 0.142667
0 0.114667 0.094000 0.112000 0.094667
