0 0.959259 0.216995 0.081481 0.075873
0 0.810185 0.234446 0.090741 0.147193
0 0.896759 0.151745 0.089815 0.139605
0 0.176389 0.875569 0.149074 0.218513
0 0.306019 0.691958 0.136111 0.209408
0 0.868519 0.949165 0.168519 0.101669
0 0.087037 0.714719 0.124074 0.194234
0 0.940278 0.569044 0.117593 0.163885
0 0.551852 0.025038 0.061111 0.047041
0 0.413889 0.928680 0.155556 0.142640
0 0.775463 0.825493 0.113889 0.185129
0 0.275926 0.069803 0.066667 0.088012
0 0.735185 0.370258 0.085185 0.121396
0 0.148148 0.433232 0.083333 0.074355
0 0.604167 0.047800 0.056481 0.092564
0 0.295370 0.128225 0.057407 0.040971
0 0.781481 0.078907 0.064815 0.078907
0 0.548148 0.567527 0.100000 0.139605
0 0.300000 0.320941 0.075926 0.122914
0 0.615741 0.242792 0.061111 0.097117
0 0.899074 0.289833 0.088889 0.139605
0 0.645370 0.299697 0.072222 0.101669
0 0.450000 0.401366 0.074074 0.113809
0 0.378241 0.120637 0.062037 0.074355
0 0.233796 0.446131 0.086111 0.063733
0 0.970370 0.144917 0.059259 0.095599
0 0.813889 0.563733 0.116667 0.116844
0 0.160648 0.355842 0.091667 0.110774
0 0.268981 0.210926 0.065741 0.097117
0 0.953704 0.396813 0.088889 0.162367
0 0.397222 0.432473 0.072222 0.054628
0 0.860185 0.861153 0.144444 0.168437
0 0.473148 0.305008 0.066667 0.100152
0 0.256019 0.021244 0.056481 0.039454
0 0.211111 0.283005 0.096296 0.104704
0 0.590278 0.323976 0.065741 0.086495
0 0.822685 0.409712 0.100926 0.139605
0 0.792130 0.139605 0.080556 0.103187
0 0.340278 0.550835 0.104630 0.148710
0 0.429167 0.767830 0.134259 0.218513
0 0.408796 0.042489 0.062037 0.081942
0 0.316667 0.042489 0.057407 0.081942
0 0.037500 0.163126 0.073148 0.110774
0 0.475000 0.110015 0.057407 0.077390
0 0.908796 0.452959 0.093519 0.074355
0 0.520833 0.344461 0.084259 0.133536
0 0.225000 0.789074 0.111111 0.154780
0 0.843981 0.664643 0.147222 0.200303
0 0.564352 0.097117 0.062037 0.097117
0 0.092593 0.034901 0.059259 0.066768
0 0.650926 0.214719 0.059259 0.089530
0 0.231019 0.109256 0.062037 0.066768
0 0.540278 0.924886 0.126852 0.150228
0 0.248148 0.932473 0.161111 0.135053
0 0.637963 0.132777 0.059259 0.068285
0 0.561111 0.242033 0.074074 0.098634
0 0.022685 0.465857 0.043519 0.115326
0 0.047685 0.081184 0.071296 0.086495
0 0.487963 0.242792 0.072222 0.078907
0 0.320370 0.881639 0.120370 0.179059
0 0.082407 0.393020 0.103704 0.124431
0 0.838426 0.051593 0.065741 0.094082
0 0.586574 0.420334 0.099074 0.136571
0 0.445370 0.540971 0.116667 0.168437
0 0.557870 0.755690 0.149074 0.245827
0 0.326852 0.233687 0.074074 0.112291
0 0.925000 0.081942 0.074074 0.084977
0 0.368519 0.062215 0.059259 0.075873
0 0.153241 0.226859 0.082407 0.125948
0 0.136111 0.561457 0.125926 0.185129
0 0.718981 0.664643 0.117593 0.194234
0 0.477315 0.182094 0.063889 0.084977
0 0.518519 0.074355 0.051852 0.084977
0 0.950926 0.752656 0.096296 0.218513
0 0.243056 0.371017 0.087963 0.122914
