0 0.501732 0.497928 0.142032 0.167127
0 0.875866 0.599448 0.162818 0.187845
0 0.281755 0.505525 0.147806 0.165746
0 0.136836 0.589088 0.162818 0.200276
0 0.530023 0.911602 0.191686 0.174033
0 0.626443 0.584254 0.162818 0.196133
0 0.775982 0.693370 0.187067 0.204420
0 0.377021 0.807320 0.195150 0.238950
0 0.393764 0.588398 0.143187 0.209945
0 0.519053 0.681630 0.169746 0.214088
0 0.247691 0.685083 0.195150 0.232044
0 0.664550 0.810083 0.192841 0.225138
0 0.733834 0.513812 0.151270 0.160221
0 0.905889 0.815608 0.132794 0.238950
0 0.212471 0.903315 0.235566 0.187845
0 0.839492 0.911602 0.210162 0.174033
0 0.117206 0.810773 0.139723 0.234807
