0 0.262500 0.921250 0.070000 0.072500
0 0.650000 0.345000 0.060000 0.070000
0 0.730000 0.151250 0.095000 0.102500
0 0.232500 0.101250 0.060000 0.067500
0 0.280000 0.841250 0.075000 0.067500
0 0.133750 0.095000 0.062500 0.065000
0 0.437500 0.680000 0.065000 0.060000
0 0.507500 0.683750 0.065000 0.057500
0 0.726250 0.398750 0.047500 0.052500
0 0.576250 0.716250 0.072500 0.067500
0 0.118750 0.837500 0.097500 0.095000
0 0.246250 0.157500 0.047500 0.055000
0 0.200000 0.850000 0.080000 0.090000
0 0.400000 0.718750 0.060000 0.052500
0 0.245000 0.738750 0.085000 0.087500
