0 0.404000 0.305333 0.077333 0.069333
0 0.364667 0.260667 0.084000 0.062667
0 0.518000 0.387333 0.084000 0.054667
0 0.375333 0.832667 0.110667 0.092000
0 0.370667 0.422000 0.080000 0.065333
0 0.481333 0.870000 0.109333 0.068000
0 0.477333 0.805333 0.112000 0.085333
0 0.587333 0.576000 0.102667 0.069333
0 0.444000 0.444667 0.093333 0.065333
0 0.456000 0.355333 0.080000 0.073333
0 0.597333 0.482667 0.085333 0.066667
0 0.513333 0.486000 0.093333 0.070667
0 0.518000 0.202667 0.078667 0.066667
0 0.478667 0.294667 0.077333 0.064000
0 0.528667 0.429333 0.092000 0.058667
0 0.576667 0.905333 0.092000 0.088000
0 0.442000 0.506000 0.084000 0.060000
0 0.505333 0.590667 0.101333 0.080000
0 0.444000 0.199333 0.072000 0.060000
0 0.548667 0.255333 0.070667 0.054667
0 0.532667 0.335333 0.078667 0.065333
0 0.515333 0.736667 0.097333 0.065333
0 0.430000 0.687333 0.102667 0.086667
