0 0.185849 0.801700 0.115094 0.158640
0 0.479245 0.504249 0.124528 0.152975
0 0.591509 0.507082 0.118868 0.164306
0 0.697170 0.524079 0.077358 0.147309
0 0.126415 0.366856 0.128302 0.155807
0 0.362264 0.601983 0.101887 0.161473
0 0.379245 0.430595 0.116981 0.158640
0 0.152830 0.961756 0.113208 0.076487
0 0.896226 0.480170 0.154717 0.189802
0 0.306604 0.890935 0.096226 0.121813
0 0.269811 0.383853 0.120755 0.161473
0 0.790566 0.711048 0.109434 0.147309
0 0.087736 0.446176 0.160377 0.229462
0 0.233962 0.147309 0.139623 0.141643
0 0.768868 0.512748 0.126415 0.169972
0 0.933962 0.597734 0.128302 0.175637
