0 0.346746 0.615142 0.175148 0.230284
0 0.142604 0.616719 0.173964 0.201893
0 0.173964 0.311514 0.142012 0.194006
0 0.823669 0.485804 0.160947 0.211356
0 0.252663 0.445584 0.164497 0.203470
0 0.745562 0.620662 0.163314 0.206625
0 0.550888 0.623028 0.162130 0.220820
0 0.720118 0.325710 0.150296 0.200315
0 0.849112 0.797319 0.178698 0.212934
0 0.436095 0.769716 0.155030 0.198738
0 0.650296 0.787855 0.171598 0.206625
0 0.530178 0.332808 0.158580 0.214511
0 0.368639 0.298107 0.140828 0.182965
0 0.442012 0.446372 0.152663 0.173502
0 0.639645 0.467666 0.147929 0.209779
0 0.230769 0.752366 0.172781 0.198738
