0 0.534677 0.718681 0.050000 0.070330
0 0.367742 0.427473 0.048387 0.063736
0 0.379839 0.300000 0.033871 0.046154
0 0.787097 0.480220 0.035484 0.041758
0 0.787097 0.718681 0.032258 0.039560
0 0.331452 0.672527 0.046774 0.065934
0 0.563710 0.554945 0.037097 0.059341
0 0.415323 0.691209 0.053226 0.063736
0 0.429032 0.490110 0.054839 0.070330
0 0.696774 0.227473 0.038710 0.046154
0 0.695968 0.400000 0.033871 0.039560
0 0.194355 0.747253 0.050000 0.061538
0 0.400000 0.080220 0.048387 0.068132
0 0.731452 0.648352 0.033871 0.043956
0 0.316129 0.719780 0.045161 0.050549
0 0.280645 0.879121 0.035484 0.048352
0 0.537097 0.474725 0.045161 0.052747
0 0.382258 0.152747 0.048387 0.054945
0 0.238710 0.805495 0.038710 0.050549
0 0.725000 0.500000 0.030645 0.041758
