0 0.732000 0.737681 0.096000 0.153623
0 0.506000 0.465217 0.105333 0.144928
0 0.869333 0.330435 0.080000 0.115942
0 0.490000 0.199275 0.097333 0.146377
0 0.768667 0.284783 0.089333 0.128986
0 0.355333 0.821014 0.086667 0.137681
0 0.490000 0.564493 0.100000 0.117391
0 0.682000 0.622464 0.094667 0.120290
0 0.802000 0.760145 0.089333 0.131884
0 0.545333 0.345652 0.101333 0.143478
0 0.285333 0.571014 0.096000 0.136232
0 0.203333 0.815217 0.094667 0.126087
0 0.415333 0.623913 0.086667 0.123188
0 0.716000 0.436957 0.077333 0.123188
0 0.132667 0.840580 0.102667 0.098551
0 0.488667 0.684783 0.086667 0.123188
0 0.338667 0.599275 0.069333 0.134783
0 0.788000 0.364493 0.096000 0.123188
0 0.515333 0.083333 0.086667 0.073913
0 0.584667 0.168841 0.094667 0.134783
0 0.178667 0.542029 0.098667 0.124638
0 0.242000 0.623913 0.094667 0.123188
0 0.457333 0.296377 0.096000 0.134783
0 0.630000 0.414493 0.086667 0.130435
0 0.592000 0.608696 0.088000 0.118841
0 0.368000 0.409420 0.106667 0.146377
0 0.688000 0.321739 0.088000 0.133333
