0 0.151875 0.258126 0.048750 0.076482
0 0.310625 0.443595 0.031250 0.049713
0 0.790000 0.802103 0.065000 0.074570
0 0.333125 0.198853 0.036250 0.057361
0 0.368125 0.156788 0.036250 0.049713
0 0.472500 0.448375 0.035000 0.051625
0 0.280000 0.273423 0.055000 0.087954
0 0.775625 0.747610 0.053750 0.076482
0 0.630000 0.493308 0.037500 0.053537
0 0.230625 0.177820 0.043750 0.076482
0 0.452500 0.260038 0.035000 0.057361
0 0.611250 0.882409 0.032500 0.055449
0 0.292500 0.093690 0.055000 0.087954
0 0.590625 0.353728 0.041250 0.057361
0 0.422500 0.127151 0.032500 0.055449
0 0.112500 0.720841 0.027500 0.034417
0 0.853125 0.429254 0.038750 0.047801
0 0.205625 0.433078 0.021250 0.036329
