0 0.138235 0.049020 0.241176 0.096078
0 0.925735 0.188725 0.148529 0.150000
0 0.503676 0.584314 0.327941 0.203922
0 0.877941 0.543137 0.244118 0.168627
0 0.406618 0.375980 0.295588 0.195098
0 0.783824 0.050980 0.211765 0.100000
0 0.736765 0.802451 0.241176 0.157843
0 0.277206 0.302451 0.230882 0.153922
0 0.175000 0.846078 0.297059 0.213725
0 0.784559 0.202941 0.177941 0.119608
0 0.776471 0.342647 0.232353 0.161765
0 0.661029 0.444118 0.289706 0.178431
0 0.260294 0.696569 0.235294 0.175490
0 0.847794 0.914216 0.298529 0.159804
0 0.083824 0.432353 0.164706 0.170588
0 0.702206 0.631863 0.204412 0.167647
0 0.665441 0.104412 0.198529 0.130392
0 0.375000 0.049020 0.241176 0.096078
0 0.254412 0.498529 0.247059 0.169608
0 0.596324 0.242157 0.263235 0.162745
0 0.452941 0.138235 0.244118 0.170588
0 0.569118 0.907353 0.247059 0.148039
0 0.110294 0.640196 0.217647 0.223529
0 0.350000 0.953922 0.294118 0.084314
0 0.102206 0.140686 0.201471 0.179412
0 0.484559 0.769608 0.289706 0.198039
0 0.892647 0.730392 0.214706 0.184314
0 0.576471 0.048529 0.170588 0.095098
0 0.935294 0.404412 0.129412 0.144118
