0 0.634545 0.328378 0.040000 0.051351
0 0.901818 0.595946 0.040000 0.062162
0 0.501818 0.612162 0.040000 0.051351
0 0.863636 0.590541 0.043636 0.062162
0 0.585455 0.628378 0.040000 0.062162
0 0.483636 0.281081 0.043636 0.064865
0 0.527273 0.455405 0.040000 0.062162
0 0.516364 0.374324 0.040000 0.062162
0 0.469091 0.395946 0.040000 0.051351
0 0.386364 0.282432 0.030909 0.045946
0 0.746364 0.525676 0.041818 0.056757
0 0.629091 0.550000 0.040000 0.062162
0 0.683636 0.387838 0.040000 0.051351
0 0.614545 0.436486 0.040000 0.051351
