0 0.683133 0.746835 0.072289 0.126582
0 0.201205 0.054250 0.077108 0.104882
0 0.404819 0.965642 0.079518 0.068716
0 0.771084 0.698011 0.060241 0.101266
0 0.373494 0.433996 0.079518 0.144665
0 0.240964 0.965642 0.079518 0.068716
0 0.892169 0.757685 0.080723 0.122966
0 0.853614 0.858951 0.068675 0.122966
0 0.292771 0.924955 0.077108 0.121157
0 0.366265 0.893309 0.072289 0.115732
0 0.357229 0.551537 0.080723 0.115732
0 0.921687 0.522604 0.077108 0.108499
0 0.790361 0.823689 0.077108 0.121157
0 0.327711 0.337251 0.081928 0.142857
0 0.722289 0.839964 0.056627 0.113924
0 0.751807 0.733273 0.072289 0.117541
0 0.784940 0.931284 0.071084 0.108499
0 0.245783 0.134720 0.072289 0.135624
0 0.259639 0.190778 0.075904 0.124774
0 0.313253 0.233273 0.081928 0.144665
