0 0.373750 0.635261 0.052500 0.080224
0 0.447500 0.555037 0.052500 0.076493
0 0.387500 0.458955 0.050000 0.074627
0 0.552500 0.715485 0.060000 0.083955
0 0.387500 0.553172 0.052500 0.076493
0 0.431250 0.708955 0.060000 0.089552
0 0.386250 0.378731 0.050000 0.074627
0 0.610625 0.722015 0.053750 0.070896
0 0.391250 0.307836 0.050000 0.074627
0 0.614375 0.582090 0.053750 0.070896
0 0.372500 0.719216 0.052500 0.076493
0 0.560625 0.559701 0.056250 0.085821
0 0.431250 0.624067 0.052500 0.076493
0 0.488750 0.629664 0.052500 0.076493
0 0.446250 0.292910 0.050000 0.074627
0 0.491875 0.714552 0.053750 0.082090
0 0.544375 0.641791 0.053750 0.070896
0 0.608125 0.652985 0.053750 0.070896
0 0.505000 0.555037 0.052500 0.076493
