0 0.434167 0.144444 0.041667 0.062222
0 0.397083 0.077222 0.035833 0.052222
0 0.373750 0.122778 0.030833 0.054444
0 0.302083 0.829444 0.099167 0.138889
0 0.474583 0.155000 0.047500 0.061111
0 0.411250 0.193889 0.034167 0.054444
0 0.400417 0.133889 0.034167 0.056667
0 0.428750 0.089444 0.042500 0.058889
0 0.523750 0.147222 0.047500 0.061111
0 0.381667 0.179444 0.028333 0.038889
0 0.488750 0.209444 0.050833 0.038889
0 0.490417 0.098333 0.049167 0.054444
0 0.429583 0.038333 0.047500 0.047778
0 0.491250 0.042778 0.049167 0.054444
0 0.448333 0.204444 0.045000 0.053333
0 0.354167 0.162222 0.035000 0.046667
