0 0.686418 0.333333 0.046605 0.062500
0 0.667776 0.200000 0.054594 0.075000
0 0.191079 0.415625 0.049268 0.064583
0 0.241012 0.835417 0.045273 0.054167
0 0.195073 0.136458 0.051931 0.081250
0 0.729694 0.800000 0.047936 0.070833
0 0.089880 0.553125 0.054594 0.077083
0 0.309587 0.180208 0.043941 0.064583
0 0.768975 0.408333 0.054594 0.075000
0 0.368842 0.035417 0.045273 0.066667
0 0.718375 0.434375 0.054594 0.072917
0 0.362850 0.155208 0.057257 0.064583
0 0.239015 0.155208 0.041278 0.064583
0 0.100533 0.163542 0.035952 0.047917
