0 0.917702 0.315331 0.164596 0.163763
0 0.572981 0.580139 0.189441 0.205575
0 0.917702 0.116725 0.164596 0.226481
0 0.774845 0.825784 0.257764 0.299652
0 0.777950 0.109756 0.208075 0.212544
0 0.263975 0.515679 0.229814 0.236934
0 0.287267 0.101045 0.214286 0.195122
0 0.936335 0.792683 0.127329 0.254355
0 0.124224 0.712544 0.192547 0.233449
0 0.801242 0.440767 0.248447 0.226481
0 0.385093 0.639373 0.248447 0.163763
0 0.566770 0.235192 0.183230 0.226481
0 0.242236 0.937282 0.173913 0.118467
0 0.315217 0.783972 0.232919 0.243902
0 0.454969 0.428571 0.232919 0.271777
0 0.535714 0.787456 0.226708 0.222997
0 0.201863 0.292683 0.229814 0.236934
0 0.088509 0.576655 0.170807 0.240418
0 0.574534 0.083624 0.180124 0.160279
