0 0.800000 0.763766 0.112000 0.191829
0 0.383500 0.919183 0.129000 0.161634
0 0.096000 0.248668 0.040000 0.049734
0 0.537000 0.758437 0.128000 0.223801
0 0.224000 0.293073 0.052000 0.092362
0 0.833000 0.928064 0.084000 0.143872
0 0.734000 0.858792 0.130000 0.211368
0 0.180500 0.315275 0.049000 0.069272
0 0.842500 0.621670 0.103000 0.159858
0 0.346000 0.296625 0.050000 0.056838
0 0.610000 0.901421 0.130000 0.186501
0 0.296000 0.270870 0.048000 0.079929
0 0.634500 0.686501 0.101000 0.193606
0 0.443000 0.269094 0.046000 0.058615
0 0.394000 0.265542 0.058000 0.090586
0 0.290000 0.718472 0.068000 0.090586
0 0.885500 0.787744 0.083000 0.186501
0 0.166000 0.195382 0.042000 0.056838
0 0.701000 0.603908 0.106000 0.170515
0 0.499000 0.924512 0.104000 0.140320
0 0.343000 0.847247 0.106000 0.163410
0 0.224000 0.187389 0.048000 0.072824
0 0.537000 0.613677 0.098000 0.133215
0 0.119000 0.187389 0.046000 0.051510
