0 0.061711 0.310945 0.120617 0.388060
0 0.484572 0.695274 0.138850 0.226368
0 0.952314 0.701493 0.092567 0.373134
0 0.536466 0.868159 0.102384 0.203980
0 0.347826 0.503731 0.148668 0.236318
0 0.272791 0.082090 0.200561 0.159204
0 0.194250 0.858209 0.206171 0.273632
0 0.671809 0.815920 0.095372 0.144279
0 0.753156 0.798507 0.089762 0.134328
0 0.932679 0.148010 0.131837 0.191542
0 0.082749 0.787313 0.117812 0.300995
0 0.369565 0.787313 0.127630 0.121891
0 0.725806 0.206468 0.147265 0.243781
0 0.794530 0.465174 0.096774 0.144279
0 0.251052 0.684080 0.053296 0.064677
