0 0.530000 0.084000 0.260000 0.160000
0 0.128000 0.796000 0.240000 0.232000
0 0.046000 0.470000 0.084000 0.132000
0 0.202000 0.314000 0.244000 0.236000
0 0.356000 0.818000 0.232000 0.228000
0 0.892000 0.582000 0.216000 0.292000
0 0.648000 0.520000 0.224000 0.216000
0 0.194000 0.168000 0.180000 0.112000
0 0.480000 0.642000 0.216000 0.204000
0 0.296000 0.558000 0.216000 0.220000
0 0.422000 0.956000 0.236000 0.088000
0 0.850000 0.838000 0.292000 0.292000
0 0.336000 0.098000 0.184000 0.188000
0 0.538000 0.288000 0.260000 0.272000
0 0.068000 0.340000 0.128000 0.176000
0 0.702000 0.358000 0.156000 0.196000
0 0.590000 0.776000 0.252000 0.264000
0 0.706000 0.142000 0.212000 0.236000
0 0.812000 0.246000 0.136000 0.116000
0 0.082000 0.618000 0.156000 0.196000
0 0.376000 0.274000 0.144000 0.196000
0 0.688000 0.940000 0.264000 0.112000
0 0.876000 0.388000 0.248000 0.264000
