0 0.897333 0.085409 0.037333 0.042705
0 0.974000 0.022242 0.033333 0.037367
0 0.507333 0.310498 0.030667 0.040925
0 0.498000 0.352313 0.030667 0.049822
0 0.860667 0.262456 0.028000 0.037367
0 0.826667 0.072954 0.037333 0.042705
0 0.930667 0.344306 0.026667 0.033808
0 0.834667 0.259786 0.026667 0.032028
0 0.519333 0.169929 0.028000 0.037367
0 0.514667 0.274021 0.032000 0.039146
0 0.843333 0.304270 0.025333 0.032028
0 0.762667 0.295374 0.029333 0.039146
0 0.934667 0.297153 0.032000 0.039146
0 0.554667 0.133452 0.032000 0.035587
0 0.812667 0.339858 0.025333 0.032028
0 0.748667 0.041815 0.033333 0.040925
