0 0.878070 0.660000 0.056140 0.088889
0 0.302193 0.870000 0.065789 0.131111
0 0.389912 0.880000 0.071053 0.146667
0 0.684649 0.952222 0.064035 0.091111
0 0.332456 0.750000 0.061404 0.144444
0 0.622368 0.918889 0.062281 0.122222
0 0.748684 0.861111 0.069298 0.157778
0 0.349561 0.677778 0.071053 0.115556
0 0.903947 0.580000 0.050000 0.102222
0 0.922807 0.667778 0.045614 0.086667
0 0.838158 0.543333 0.051754 0.117778
0 0.225000 0.678889 0.058772 0.135556
0 0.037281 0.815556 0.072807 0.142222
0 0.121053 0.687778 0.061404 0.117778
0 0.262281 0.798889 0.064912 0.153333
0 0.536404 0.604444 0.051754 0.102222
0 0.586404 0.615556 0.058772 0.106667
0 0.349123 0.936667 0.064912 0.122222
0 0.792982 0.504444 0.047368 0.102222
0 0.880263 0.903333 0.072807 0.140000
0 0.136404 0.796667 0.069298 0.126667
0 0.426754 0.703333 0.037719 0.091111
