0 0.189784 0.071250 0.045923 0.062500
0 0.283037 0.658125 0.056232 0.071250
0 0.240862 0.692500 0.044986 0.067500
0 0.304124 0.718750 0.038425 0.052500
0 0.586692 0.928125 0.056232 0.078750
0 0.238519 0.043750 0.042174 0.050000
0 0.718369 0.553750 0.077788 0.082500
0 0.469541 0.630625 0.043112 0.051250
0 0.045455 0.240625 0.025305 0.036250
0 0.481256 0.093125 0.044049 0.058750
0 0.085286 0.281875 0.028116 0.031250
0 0.546860 0.150625 0.051546 0.063750
0 0.664011 0.873750 0.060918 0.085000
0 0.794752 0.861875 0.043112 0.071250
0 0.495314 0.307500 0.040300 0.052500
0 0.859888 0.295625 0.051546 0.066250
0 0.059981 0.573750 0.033739 0.035000
0 0.084349 0.246250 0.035614 0.042500
0 0.794752 0.539375 0.074977 0.093750
0 0.828022 0.387500 0.081537 0.085000
0 0.604967 0.380000 0.044049 0.060000
