0 0.526536 0.466480 0.036313 0.072626
0 0.631285 0.477654 0.033520 0.067039
0 0.564944 0.814246 0.037709 0.053073
0 0.912709 0.677374 0.104749 0.192737
0 0.771648 0.655028 0.090782 0.170391
0 0.541201 0.396648 0.034916 0.072626
0 0.676676 0.916201 0.076816 0.156425
0 0.540503 0.290503 0.039106 0.078212
0 0.659916 0.438547 0.037709 0.072626
0 0.618017 0.643855 0.054469 0.108939
0 0.495112 0.490223 0.032123 0.064246
0 0.678073 0.269553 0.032123 0.064246
0 0.673184 0.643855 0.058659 0.120112
0 0.515363 0.534916 0.036313 0.064246
