0 0.168598 0.571942 0.077636 0.047482
0 0.836037 0.302878 0.084589 0.050360
0 0.702202 0.151439 0.125145 0.072662
0 0.887022 0.326619 0.077636 0.046043
0 0.210892 0.735612 0.071842 0.039568
0 0.220742 0.388129 0.054461 0.022302
0 0.201043 0.411151 0.052144 0.026619
0 0.349942 0.729496 0.041715 0.025899
0 0.719583 0.259712 0.048667 0.031655
0 0.209733 0.612590 0.076477 0.043885
0 0.667439 0.295324 0.074160 0.049640
0 0.022596 0.746403 0.042874 0.033813
0 0.318656 0.504317 0.060255 0.044604
0 0.513905 0.312950 0.075319 0.047482
0 0.115295 0.524820 0.061414 0.032374
0 0.080533 0.480576 0.068366 0.037410
0 0.151217 0.402158 0.054461 0.035971
0 0.435689 0.457554 0.060255 0.037410
0 0.696408 0.168705 0.037080 0.026619
0 0.109502 0.507194 0.047509 0.024460
0 0.721900 0.138849 0.081112 0.048921
0 0.654693 0.164388 0.076477 0.055396
0 0.265933 0.576978 0.066049 0.047482
0 0.746813 0.270863 0.056779 0.035252
0 0.512167 0.441727 0.064890 0.030216
0 0.719003 0.187050 0.077636 0.050360
0 0.191773 0.699281 0.084589 0.048921
0 0.777520 0.355755 0.064890 0.042446
0 0.601970 0.295683 0.073001 0.051799
