0 0.708750 0.649475 0.250000 0.179561
0 0.394375 0.059217 0.291250 0.116523
0 0.552500 0.440306 0.270000 0.223496
0 0.848125 0.802770 0.288750 0.260745
0 0.866875 0.356734 0.266250 0.167144
0 0.816875 0.515759 0.346250 0.269341
0 0.090625 0.378223 0.178750 0.252149
0 0.174375 0.891117 0.341250 0.208214
0 0.861875 0.145177 0.276250 0.286533
0 0.362500 0.740688 0.332500 0.228271
0 0.648125 0.055874 0.241250 0.107927
0 0.615000 0.192932 0.310000 0.244508
0 0.349375 0.318052 0.286250 0.212034
0 0.273750 0.512894 0.297500 0.225406
0 0.042500 0.072111 0.082500 0.142311
0 0.589375 0.869150 0.396250 0.261700
0 0.095625 0.699140 0.188750 0.236867
0 0.174375 0.153773 0.333750 0.254059
