0 0.116211 0.466967 0.111328 0.153153
0 0.673340 0.780030 0.106445 0.184685
0 0.292480 0.858108 0.112305 0.193694
0 0.592285 0.813814 0.102539 0.183183
0 0.260254 0.566817 0.110352 0.148649
0 0.451172 0.743243 0.101562 0.174174
0 0.184570 0.816066 0.101562 0.193694
0 0.341797 0.557057 0.097656 0.150150
0 0.220703 0.442943 0.105469 0.168168
0 0.145020 0.614114 0.110352 0.171171
0 0.073242 0.848348 0.123047 0.198198
0 0.048828 0.587838 0.095703 0.169670
0 0.261719 0.698949 0.111328 0.163664
0 0.367188 0.778529 0.103516 0.169670
