0 0.111328 0.517578 0.207031 0.199219
0 0.140625 0.345703 0.195312 0.167969
0 0.513672 0.472656 0.207031 0.179688
0 0.910156 0.316406 0.179688 0.171875
0 0.714844 0.306641 0.195312 0.167969
0 0.318359 0.625000 0.238281 0.257812
0 0.521484 0.199219 0.183594 0.132812
0 0.341797 0.298828 0.175781 0.152344
0 0.091797 0.718750 0.175781 0.203125
0 0.525391 0.326172 0.175781 0.152344
0 0.343750 0.183594 0.179688 0.140625
0 0.568359 0.667969 0.246094 0.234375
0 0.826172 0.662109 0.253906 0.230469
0 0.291016 0.873047 0.269531 0.246094
0 0.847656 0.880859 0.289062 0.222656
0 0.744141 0.480469 0.253906 0.242188
0 0.564453 0.886719 0.269531 0.226562
