0 0.384766 0.466797 0.238281 0.136719
0 0.626953 0.400391 0.246094 0.152344
0 0.132812 0.931641 0.226562 0.128906
0 0.087891 0.707031 0.144531 0.132812
0 0.421875 0.244141 0.171875 0.113281
0 0.537109 0.671875 0.355469 0.210938
0 0.865234 0.236328 0.222656 0.136719
0 0.689453 0.177734 0.152344 0.105469
0 0.650391 0.849609 0.425781 0.277344
0 0.162109 0.423828 0.136719 0.113281
0 0.843750 0.636719 0.304688 0.265625
0 0.105469 0.810547 0.171875 0.128906
0 0.730469 0.488281 0.304688 0.187500
0 0.533203 0.339844 0.214844 0.125000
0 0.248047 0.626953 0.222656 0.128906
0 0.333984 0.400391 0.191406 0.105469
0 0.458984 0.546875 0.253906 0.156250
0 0.292969 0.753906 0.265625 0.203125
0 0.916016 0.382812 0.167969 0.281250
0 0.355469 0.896484 0.242188 0.199219
