0 0.423828 0.119141 0.292969 0.230469
0 0.404297 0.638672 0.308594 0.308594
0 0.857422 0.373047 0.269531 0.300781
0 0.929688 0.130859 0.132812 0.253906
0 0.556641 0.853516 0.300781 0.269531
0 0.714844 0.656250 0.304688 0.289062
0 0.712891 0.130859 0.269531 0.253906
0 0.570312 0.345703 0.281250 0.316406
0 0.134766 0.132812 0.261719 0.257812
0 0.863281 0.878906 0.257812 0.242188
0 0.244141 0.869141 0.292969 0.253906
0 0.269531 0.380859 0.281250 0.300781
0 0.939453 0.625000 0.121094 0.265625
0 0.121094 0.642578 0.234375 0.285156
