0 0.433594 0.082031 0.218750 0.156250
0 0.865234 0.070312 0.246094 0.132812
0 0.771484 0.523438 0.207031 0.296875
0 0.642578 0.070312 0.207031 0.132812
0 0.908203 0.744141 0.183594 0.371094
0 0.058594 0.109375 0.109375 0.210938
0 0.552734 0.531250 0.214844 0.257812
0 0.683594 0.283203 0.203125 0.378906
0 0.345703 0.568359 0.207031 0.300781
0 0.226562 0.095703 0.234375 0.183594
0 0.818359 0.925781 0.207031 0.140625
0 0.466797 0.753906 0.238281 0.390625
0 0.126953 0.552734 0.222656 0.246094
0 0.878906 0.263672 0.218750 0.394531
0 0.220703 0.751953 0.246094 0.417969
0 0.582031 0.916016 0.226562 0.152344
0 0.699219 0.732422 0.226562 0.378906
0 0.238281 0.332031 0.234375 0.359375
0 0.460938 0.300781 0.234375 0.390625
