0 0.283203 0.306641 0.230469 0.324219
0 0.509766 0.474609 0.253906 0.410156
0 0.619141 0.695312 0.214844 0.312500
0 0.703125 0.394531 0.226562 0.343750
0 0.250000 0.878906 0.273438 0.242188
0 0.164062 0.109375 0.218750 0.210938
0 0.066406 0.457031 0.125000 0.335938
0 0.259766 0.589844 0.246094 0.328125
0 0.082031 0.207031 0.156250 0.304688
0 0.894531 0.603516 0.210938 0.300781
0 0.750000 0.806641 0.203125 0.332031
0 0.894531 0.273438 0.210938 0.351562
0 0.085938 0.716797 0.164062 0.371094
0 0.539062 0.150391 0.218750 0.292969
0 0.529297 0.890625 0.261719 0.210938
