0 0.132812 0.076172 0.210938 0.144531
0 0.312500 0.726562 0.242188 0.242188
0 0.830078 0.070312 0.214844 0.132812
0 0.492188 0.283203 0.218750 0.238281
0 0.121094 0.880859 0.234375 0.222656
0 0.664062 0.427734 0.234375 0.222656
0 0.687500 0.728516 0.242188 0.246094
0 0.480469 0.878906 0.257812 0.226562
0 0.869141 0.560547 0.246094 0.230469
0 0.855469 0.273438 0.242188 0.234375
0 0.476562 0.070312 0.226562 0.132812
0 0.650391 0.158203 0.238281 0.214844
0 0.123047 0.291016 0.230469 0.214844
0 0.882812 0.869141 0.234375 0.238281
0 0.300781 0.423828 0.234375 0.230469
0 0.486328 0.578125 0.246094 0.226562
0 0.121094 0.568359 0.234375 0.222656
0 0.310547 0.160156 0.214844 0.203125
