0 0.892578 0.203125 0.113281 0.218750
0 0.566406 0.515625 0.125000 0.218750
0 0.912109 0.068359 0.160156 0.128906
0 0.294922 0.273438 0.191406 0.312500
0 0.304688 0.574219 0.179688 0.273438
0 0.808594 0.244141 0.148438 0.261719
0 0.392578 0.078125 0.152344 0.148438
0 0.783203 0.064453 0.113281 0.121094
0 0.427734 0.410156 0.160156 0.242188
0 0.220703 0.089844 0.144531 0.171875
0 0.664062 0.837891 0.164062 0.269531
0 0.589844 0.044922 0.148438 0.082031
0 0.812500 0.755859 0.148438 0.285156
0 0.664062 0.343750 0.156250 0.265625
0 0.685547 0.125000 0.136719 0.210938
0 0.103516 0.691406 0.167969 0.281250
0 0.066406 0.968750 0.125000 0.054688
0 0.130859 0.435547 0.191406 0.269531
0 0.062500 0.201172 0.117188 0.214844
0 0.830078 0.476562 0.152344 0.257812
0 0.857422 0.935547 0.167969 0.128906
0 0.527344 0.248047 0.164062 0.285156
0 0.470703 0.625000 0.191406 0.328125
0 0.947266 0.843750 0.105469 0.273438
0 0.941406 0.382812 0.109375 0.273438
0 0.498047 0.857422 0.152344 0.253906
0 0.337891 0.832031 0.183594 0.289062
0 0.718750 0.609375 0.187500 0.296875
0 0.218750 0.810547 0.101562 0.238281
