0 0.431641 0.699219 0.097656 0.117188
0 0.248047 0.472656 0.113281 0.132812
0 0.470703 0.445312 0.089844 0.101562
0 0.550781 0.830078 0.125000 0.160156
0 0.707031 0.751953 0.132812 0.175781
0 0.220703 0.597656 0.113281 0.132812
0 0.363281 0.921875 0.109375 0.117188
0 0.527344 0.582031 0.101562 0.125000
0 0.583984 0.720703 0.105469 0.128906
0 0.496094 0.957031 0.117188 0.085938
0 0.107422 0.597656 0.113281 0.132812
0 0.619141 0.458984 0.097656 0.136719
0 0.076172 0.685547 0.113281 0.160156
0 0.355469 0.775391 0.125000 0.160156
0 0.269531 0.705078 0.109375 0.128906
0 0.357422 0.531250 0.097656 0.101562
0 0.111328 0.425781 0.113281 0.132812
0 0.644531 0.589844 0.117188 0.140625
0 0.285156 0.388672 0.109375 0.121094
0 0.414062 0.593750 0.117188 0.140625
