0 0.880859 0.695312 0.238281 0.265625
0 0.541016 0.417969 0.246094 0.203125
0 0.210938 0.095703 0.187500 0.144531
0 0.128906 0.519531 0.242188 0.250000
0 0.103516 0.339844 0.199219 0.195312
0 0.617188 0.632812 0.281250 0.273438
0 0.464844 0.259766 0.218750 0.183594
0 0.781250 0.482422 0.250000 0.238281
0 0.523438 0.080078 0.171875 0.152344
0 0.894531 0.375000 0.210938 0.218750
0 0.078125 0.187500 0.148438 0.156250
0 0.722656 0.113281 0.195312 0.164062
0 0.242188 0.898438 0.312500 0.195312
0 0.396484 0.125000 0.183594 0.156250
0 0.476562 0.791016 0.281250 0.300781
0 0.597656 0.173828 0.195312 0.160156
0 0.302734 0.361328 0.246094 0.191406
0 0.769531 0.847656 0.304688 0.265625
0 0.351562 0.562500 0.250000 0.257812
0 0.685547 0.320312 0.214844 0.203125
0 0.808594 0.232422 0.218750 0.175781
0 0.255859 0.212891 0.199219 0.167969
0 0.187500 0.724609 0.265625 0.253906
