0 0.570312 0.095703 0.156250 0.183594
0 0.673828 0.558594 0.183594 0.281250
0 0.947266 0.349609 0.097656 0.207031
0 0.380859 0.843750 0.222656 0.304688
0 0.314453 0.503906 0.183594 0.382812
0 0.892578 0.164062 0.089844 0.187500
0 0.818359 0.582031 0.167969 0.289062
0 0.812500 0.167969 0.109375 0.203125
0 0.607422 0.296875 0.167969 0.257812
0 0.753906 0.339844 0.156250 0.242188
0 0.878906 0.365234 0.101562 0.199219
0 0.408203 0.066406 0.167969 0.125000
0 0.941406 0.580078 0.109375 0.246094
0 0.160156 0.789062 0.312500 0.421875
0 0.904297 0.857422 0.167969 0.285156
0 0.572266 0.841797 0.238281 0.308594
0 0.423828 0.250000 0.230469 0.320312
0 0.707031 0.121094 0.132812 0.226562
0 0.126953 0.376953 0.246094 0.480469
0 0.201172 0.154297 0.238281 0.300781
0 0.511719 0.562500 0.218750 0.359375
