0 0.898438 0.101562 0.070312 0.101562
0 0.964844 0.855469 0.062500 0.148438
0 0.923828 0.525391 0.082031 0.082031
0 0.425781 0.134766 0.085938 0.105469
0 0.748047 0.455078 0.074219 0.113281
0 0.291016 0.527344 0.066406 0.078125
0 0.361328 0.353516 0.074219 0.113281
0 0.824219 0.052734 0.070312 0.097656
0 0.457031 0.550781 0.109375 0.132812
0 0.775391 0.658203 0.074219 0.105469
0 0.253906 0.742188 0.078125 0.101562
0 0.105469 0.498047 0.093750 0.144531
0 0.441406 0.689453 0.093750 0.144531
0 0.207031 0.333984 0.078125 0.105469
0 0.507812 0.347656 0.070312 0.101562
0 0.550781 0.257812 0.070312 0.101562
0 0.222656 0.945312 0.078125 0.101562
0 0.085938 0.611328 0.078125 0.105469
0 0.398438 0.837891 0.101562 0.144531
0 0.312500 0.929688 0.085938 0.132812
0 0.474609 0.232422 0.082031 0.121094
0 0.634766 0.955078 0.097656 0.089844
0 0.367188 0.626953 0.085938 0.128906
0 0.271484 0.423828 0.074219 0.113281
0 0.906250 0.656250 0.109375 0.148438
0 0.093750 0.728516 0.085938 0.128906
