0 0.570312 0.373047 0.234375 0.238281
0 0.511719 0.664062 0.265625 0.359375
0 0.720703 0.431641 0.269531 0.152344
0 0.777344 0.660156 0.257812 0.367188
0 0.453125 0.271484 0.234375 0.214844
0 0.802734 0.216797 0.253906 0.207031
0 0.726562 0.261719 0.242188 0.171875
0 0.185547 0.580078 0.222656 0.292969
0 0.253906 0.675781 0.257812 0.359375
0 0.429688 0.501953 0.257812 0.214844
0 0.277344 0.181641 0.203125 0.160156
0 0.255859 0.378906 0.277344 0.250000
0 0.164062 0.347656 0.234375 0.265625
0 0.835938 0.451172 0.242188 0.308594
