0 0.468750 0.562500 0.210938 0.312500
0 0.138672 0.455078 0.175781 0.238281
0 0.808594 0.640625 0.218750 0.273438
0 0.466797 0.222656 0.207031 0.296875
0 0.257812 0.843750 0.210938 0.296875
0 0.564453 0.466797 0.214844 0.292969
0 0.894531 0.818359 0.203125 0.339844
0 0.427734 0.814453 0.183594 0.238281
0 0.320312 0.392578 0.195312 0.285156
0 0.263672 0.167969 0.207031 0.289062
0 0.095703 0.746094 0.183594 0.343750
0 0.103516 0.292969 0.191406 0.234375
0 0.255859 0.623047 0.253906 0.238281
0 0.611328 0.765625 0.214844 0.289062
