0 0.541016 0.601562 0.128906 0.226562
0 0.160156 0.203125 0.171875 0.164062
0 0.751953 0.716797 0.175781 0.105469
0 0.123047 0.591797 0.152344 0.230469
0 0.712891 0.152344 0.136719 0.109375
0 0.314453 0.140625 0.136719 0.203125
0 0.431641 0.427734 0.199219 0.238281
0 0.166016 0.373047 0.183594 0.261719
0 0.568359 0.101562 0.214844 0.195312
0 0.769531 0.554688 0.164062 0.234375
0 0.757812 0.294922 0.132812 0.246094
0 0.630859 0.275391 0.160156 0.207031
0 0.185547 0.099609 0.089844 0.089844
0 0.431641 0.656250 0.191406 0.226562
0 0.283203 0.562500 0.175781 0.234375
0 0.308594 0.353516 0.132812 0.199219
0 0.646484 0.480469 0.183594 0.242188
0 0.433594 0.187500 0.179688 0.210938
