0 0.210938 0.820312 0.304688 0.289062
0 0.798828 0.310547 0.175781 0.230469
0 0.099609 0.218750 0.191406 0.281250
0 0.605469 0.949219 0.257812 0.093750
0 0.953125 0.097656 0.093750 0.148438
0 0.353516 0.263672 0.238281 0.269531
0 0.876953 0.908203 0.246094 0.183594
0 0.511719 0.089844 0.140625 0.171875
0 0.789062 0.736328 0.226562 0.277344
0 0.935547 0.337891 0.128906 0.246094
0 0.628906 0.232422 0.195312 0.230469
0 0.248047 0.152344 0.175781 0.187500
0 0.580078 0.437500 0.230469 0.218750
0 0.533203 0.283203 0.152344 0.175781
0 0.214844 0.500000 0.296875 0.359375
0 0.371094 0.093750 0.203125 0.179688
0 0.947266 0.755859 0.105469 0.175781
0 0.556641 0.712891 0.292969 0.324219
0 0.833984 0.128906 0.167969 0.226562
0 0.316406 0.929688 0.312500 0.125000
0 0.710938 0.544922 0.218750 0.183594
