0 0.119141 0.093750 0.230469 0.179688
0 0.169922 0.904297 0.316406 0.183594
0 0.648438 0.578125 0.289062 0.265625
0 0.861328 0.144531 0.269531 0.273438
0 0.146484 0.632812 0.277344 0.234375
0 0.857422 0.431641 0.253906 0.277344
0 0.376953 0.488281 0.332031 0.281250
0 0.398438 0.748047 0.335938 0.285156
0 0.589844 0.080078 0.312500 0.152344
0 0.884766 0.708984 0.230469 0.285156
0 0.119141 0.380859 0.230469 0.253906
0 0.914062 0.919922 0.171875 0.152344
0 0.638672 0.304688 0.308594 0.273438
0 0.320312 0.185547 0.343750 0.308594
0 0.681641 0.871094 0.332031 0.242188
