0 0.662109 0.113281 0.261719 0.218750
0 0.775391 0.660156 0.238281 0.304688
0 0.767578 0.898438 0.246094 0.187500
0 0.238281 0.113281 0.218750 0.218750
0 0.923828 0.363281 0.152344 0.296875
0 0.263672 0.394531 0.222656 0.304688
0 0.919922 0.082031 0.160156 0.156250
0 0.314453 0.890625 0.238281 0.203125
0 0.722656 0.359375 0.226562 0.304688
0 0.103516 0.595703 0.199219 0.339844
0 0.468750 0.160156 0.250000 0.312500
0 0.328125 0.662109 0.242188 0.308594
0 0.107422 0.871094 0.207031 0.242188
0 0.089844 0.269531 0.171875 0.351562
0 0.585938 0.708984 0.234375 0.363281
