0 0.488281 0.291016 0.210938 0.183594
0 0.671875 0.207031 0.195312 0.179688
0 0.093750 0.892578 0.179688 0.199219
0 0.882812 0.689453 0.234375 0.214844
0 0.890625 0.902344 0.218750 0.187500
0 0.511719 0.121094 0.218750 0.171875
0 0.310547 0.367188 0.222656 0.179688
0 0.306641 0.560547 0.230469 0.207031
0 0.496094 0.470703 0.234375 0.175781
0 0.269531 0.798828 0.265625 0.214844
0 0.330078 0.207031 0.207031 0.164062
0 0.113281 0.458984 0.218750 0.199219
0 0.140625 0.285156 0.234375 0.179688
0 0.492188 0.683594 0.242188 0.195312
0 0.841797 0.125000 0.207031 0.171875
0 0.679688 0.380859 0.234375 0.175781
0 0.693359 0.802734 0.253906 0.207031
0 0.876953 0.472656 0.238281 0.195312
0 0.333984 0.072266 0.199219 0.136719
0 0.162109 0.126953 0.207031 0.167969
0 0.851562 0.291016 0.210938 0.175781
0 0.679688 0.058594 0.210938 0.109375
0 0.474609 0.900391 0.277344 0.199219
0 0.095703 0.673828 0.183594 0.191406
0 0.679688 0.578125 0.242188 0.218750
