0 0.683594 0.101562 0.242188 0.187500
0 0.701172 0.755859 0.199219 0.199219
0 0.291016 0.181641 0.277344 0.253906
0 0.746094 0.308594 0.257812 0.257812
0 0.097656 0.105469 0.187500 0.203125
0 0.464844 0.060547 0.257812 0.113281
0 0.316406 0.626953 0.171875 0.152344
0 0.912109 0.220703 0.175781 0.269531
0 0.927734 0.458984 0.144531 0.214844
0 0.093750 0.314453 0.179688 0.207031
0 0.287109 0.816406 0.167969 0.218750
0 0.101562 0.808594 0.195312 0.265625
0 0.751953 0.552734 0.207031 0.238281
0 0.490234 0.818359 0.292969 0.316406
0 0.888672 0.824219 0.199219 0.195312
0 0.513672 0.261719 0.230469 0.257812
0 0.306641 0.416016 0.246094 0.238281
0 0.527344 0.507812 0.265625 0.250000
0 0.701172 0.925781 0.277344 0.148438
0 0.095703 0.550781 0.183594 0.250000
0 0.908203 0.656250 0.183594 0.234375
