0 0.095703 0.507812 0.160156 0.242188
0 0.880859 0.312500 0.199219 0.281250
0 0.164062 0.917969 0.218750 0.117188
0 0.119141 0.113281 0.214844 0.195312
0 0.771484 0.550781 0.214844 0.257812
0 0.937500 0.527344 0.109375 0.257812
0 0.695312 0.769531 0.226562 0.296875
0 0.564453 0.525391 0.199219 0.277344
0 0.462891 0.281250 0.214844 0.296875
0 0.693359 0.312500 0.222656 0.289062
0 0.333984 0.115234 0.207031 0.199219
0 0.259766 0.498047 0.199219 0.214844
0 0.730469 0.093750 0.226562 0.148438
0 0.904297 0.761719 0.191406 0.281250
0 0.171875 0.298828 0.195312 0.207031
0 0.076172 0.783203 0.128906 0.300781
0 0.468750 0.777344 0.210938 0.281250
0 0.255859 0.751953 0.222656 0.277344
