0 0.717773 0.160807 0.044922 0.055990
0 0.410645 0.451172 0.061523 0.082031
0 0.511719 0.671875 0.062500 0.080729
0 0.600098 0.757812 0.051758 0.072917
0 0.329590 0.223307 0.063477 0.082031
0 0.494629 0.102214 0.045898 0.053385
0 0.675781 0.214844 0.044922 0.059896
0 0.385254 0.958333 0.053711 0.072917
0 0.368164 0.320312 0.062500 0.078125
0 0.704590 0.539714 0.055664 0.079427
0 0.510742 0.830729 0.056641 0.067708
0 0.428711 0.616536 0.050781 0.076823
0 0.483398 0.760417 0.062500 0.083333
0 0.693359 0.279297 0.044922 0.058594
0 0.433594 0.340495 0.058594 0.076823
0 0.235352 0.289062 0.056641 0.065104
0 0.736328 0.336589 0.044922 0.048177
0 0.337891 0.287109 0.031250 0.055990
0 0.938965 0.180990 0.049805 0.054688
0 0.691895 0.113281 0.041992 0.054688
0 0.511230 0.917969 0.055664 0.067708
0 0.590332 0.490885 0.061523 0.075521
