0 0.849275 0.070175 0.089855 0.135965
0 0.068116 0.449561 0.040580 0.061404
0 0.671014 0.881579 0.078261 0.118421
0 0.251449 0.528509 0.152174 0.219298
0 0.389855 0.879386 0.156522 0.201754
0 0.952899 0.294956 0.062319 0.094298
0 0.273188 0.345395 0.117391 0.173246
0 0.690580 0.582237 0.073913 0.116228
0 0.473188 0.578947 0.082609 0.122807
0 0.372464 0.307018 0.043478 0.061404
0 0.062319 0.254386 0.046377 0.065789
0 0.347101 0.270833 0.042029 0.059211
0 0.587681 0.610746 0.137681 0.225877
0 0.634058 0.370614 0.149275 0.241228
0 0.794928 0.330044 0.056522 0.081140
0 0.106522 0.270833 0.042029 0.063596
0 0.660145 0.172149 0.117391 0.177632
0 0.906522 0.060307 0.050725 0.116228
0 0.490580 0.164474 0.146377 0.223684
0 0.403623 0.654605 0.111594 0.182018
