0 0.816379 0.402299 0.081034 0.105747
0 0.668103 0.556322 0.087931 0.078161
0 0.356897 0.495402 0.096552 0.117241
0 0.213793 0.580460 0.113793 0.135632
0 0.116379 0.588506 0.094828 0.119540
0 0.442241 0.798851 0.118966 0.158621
0 0.786207 0.480460 0.086207 0.087356
0 0.048276 0.910345 0.093103 0.156322
0 0.660345 0.818391 0.110345 0.156322
0 0.312069 0.608046 0.113793 0.135632
0 0.570690 0.543678 0.079310 0.121839
0 0.506897 0.662069 0.103448 0.128736
0 0.749138 0.927586 0.143103 0.144828
0 0.715517 0.421839 0.075862 0.112644
0 0.191379 0.774713 0.131034 0.151724
0 0.727586 0.632184 0.110345 0.133333
0 0.395690 0.913793 0.118966 0.158621
0 0.150862 0.935632 0.125862 0.128736
0 0.311207 0.796552 0.118966 0.158621
0 0.550000 0.795402 0.110345 0.156322
0 0.899138 0.525287 0.125862 0.144828
0 0.849138 0.624138 0.118966 0.163218
0 0.812931 0.787356 0.132759 0.177011
0 0.478448 0.537931 0.108621 0.133333
0 0.912931 0.780460 0.118966 0.163218
0 0.608621 0.678161 0.110345 0.156322
0 0.953448 0.650575 0.093103 0.137931
0 0.163793 0.475862 0.103448 0.110345
0 0.505172 0.927586 0.093103 0.140230
0 0.072414 0.739080 0.103448 0.126437
0 0.378448 0.701149 0.091379 0.128736
0 0.600862 0.941379 0.129310 0.117241
0 0.640517 0.463218 0.091379 0.117241
