0 0.406522 0.339479 0.039130 0.054230
0 0.363768 0.744035 0.040580 0.056399
0 0.361594 0.945770 0.079710 0.108460
0 0.371739 0.328633 0.039130 0.054230
0 0.317391 0.740781 0.043478 0.067245
0 0.428986 0.968547 0.081159 0.058568
0 0.546377 0.932755 0.069565 0.091106
0 0.894203 0.907809 0.078261 0.114967
0 0.615942 0.887202 0.066667 0.104121
0 0.276087 0.823210 0.053623 0.071584
0 0.592029 0.789588 0.062319 0.086768
0 0.247826 0.757050 0.060870 0.069414
0 0.684783 0.919740 0.071014 0.099783
0 0.034058 0.943601 0.065217 0.108460
0 0.304348 0.851410 0.055072 0.067245
