0 0.375000 0.276693 0.208984 0.209635
0 0.905273 0.042318 0.082031 0.082031
0 0.347656 0.059245 0.185547 0.115885
0 0.720215 0.610026 0.266602 0.376302
0 0.176270 0.615234 0.305664 0.373698
0 0.648438 0.289062 0.226562 0.270833
0 0.560059 0.109375 0.139648 0.190104
0 0.833008 0.875651 0.326172 0.240885
0 0.891113 0.285807 0.215820 0.332031
0 0.504883 0.907552 0.263672 0.184896
0 0.458008 0.564453 0.271484 0.381510
0 0.110840 0.289714 0.213867 0.261719
0 0.736816 0.096354 0.221680 0.190104
0 0.126953 0.089193 0.199219 0.175781
