0 0.280938 0.272500 0.106875 0.123333
0 0.484063 0.368750 0.118125 0.135833
0 0.303438 0.819167 0.190625 0.273333
0 0.588750 0.491250 0.105000 0.135833
0 0.910312 0.795000 0.154375 0.195000
0 0.130312 0.755417 0.194375 0.250833
0 0.465313 0.495417 0.141875 0.160833
0 0.671875 0.447083 0.105000 0.117500
0 0.068437 0.334167 0.106875 0.123333
0 0.472813 0.733750 0.141875 0.160833
0 0.150313 0.512917 0.159375 0.205833
0 0.168750 0.393750 0.112500 0.102500
0 0.457500 0.902917 0.153750 0.189167
0 0.694688 0.589583 0.158125 0.159167
0 0.760938 0.424167 0.096875 0.115000
0 0.361875 0.627917 0.145000 0.182500
0 0.610938 0.840000 0.170625 0.205000
0 0.884062 0.487500 0.141875 0.178333
0 0.281562 0.448333 0.119375 0.103333
0 0.752500 0.743333 0.183750 0.250000
