0 0.507000 0.484985 0.166000 0.177177
0 0.076000 0.450450 0.148000 0.258258
0 0.896000 0.381381 0.164000 0.234234
0 0.477000 0.154655 0.150000 0.165165
0 0.722000 0.357357 0.176000 0.168168
0 0.621000 0.890390 0.174000 0.195195
0 0.455000 0.606607 0.154000 0.198198
0 0.472000 0.303303 0.156000 0.186186
0 0.619000 0.256757 0.150000 0.183183
0 0.765000 0.783784 0.182000 0.240240
0 0.310000 0.253754 0.124000 0.153153
0 0.603000 0.666667 0.146000 0.222222
0 0.435000 0.815315 0.166000 0.195195
0 0.922000 0.723724 0.144000 0.222222
0 0.190000 0.340841 0.164000 0.213213
0 0.379000 0.444444 0.134000 0.156156
0 0.689000 0.513514 0.158000 0.228228
0 0.112000 0.813814 0.216000 0.252252
