0 0.146875 0.536928 0.184375 0.121923
0 0.096094 0.439039 0.120313 0.094959
0 0.212500 0.657679 0.209375 0.159437
0 0.410156 0.689332 0.179688 0.152403
0 0.357813 0.849355 0.200000 0.167644
0 0.353125 0.415592 0.128125 0.116061
0 0.510156 0.554513 0.151563 0.112544
0 0.264063 0.050410 0.187500 0.098476
0 0.676563 0.578546 0.184375 0.139508
0 0.391406 0.516413 0.154688 0.109027
0 0.225000 0.795428 0.175000 0.139508
0 0.295313 0.569754 0.181250 0.121923
0 0.575000 0.669402 0.143750 0.117233
0 0.542969 0.441383 0.167188 0.127784
0 0.522656 0.811841 0.182813 0.155920
0 0.619531 0.361665 0.164062 0.120750
0 0.811719 0.508206 0.182813 0.127784
0 0.717188 0.444314 0.159375 0.119578
0 0.424219 0.316530 0.148438 0.112544
0 0.672656 0.754396 0.195312 0.167644
0 0.211719 0.398593 0.173438 0.121923
