0 0.648750 0.176911 0.028750 0.040189
0 0.760938 0.340426 0.030625 0.039401
0 0.515938 0.273050 0.029375 0.035461
0 0.207187 0.276202 0.031875 0.038613
0 0.354063 0.197400 0.031875 0.038613
0 0.280625 0.294720 0.032500 0.040977
0 0.749688 0.451143 0.031875 0.038613
0 0.282187 0.297478 0.031875 0.038613
0 0.167188 0.571710 0.033125 0.046493
0 0.311563 0.426714 0.028125 0.037037
0 0.845938 0.431836 0.030625 0.039401
0 0.640000 0.310087 0.032500 0.038613
0 0.743125 0.498424 0.031250 0.037037
0 0.797813 0.414500 0.030625 0.039401
0 0.551250 0.117021 0.032500 0.038613
0 0.265000 0.215524 0.028750 0.037037
0 0.300938 0.364460 0.031875 0.038613
0 0.277813 0.658392 0.031875 0.038613
0 0.804063 0.321513 0.030625 0.039401
0 0.639687 0.306935 0.031875 0.038613
0 0.075938 0.554374 0.028125 0.037037
0 0.872188 0.571316 0.030625 0.039401
0 0.671875 0.507092 0.031250 0.037037
0 0.528125 0.083136 0.032500 0.038613
0 0.936250 0.581954 0.031250 0.037037
0 0.297187 0.544129 0.028125 0.037037
0 0.338438 0.496060 0.028125 0.037037
0 0.776875 0.513396 0.031250 0.037037
0 0.611563 0.451931 0.031875 0.038613
0 0.754375 0.229708 0.028750 0.040189
0 0.310312 0.425138 0.031875 0.038613
0 0.347813 0.632388 0.028125 0.037037
0 0.491250 0.107565 0.032500 0.038613
0 0.426250 0.130418 0.032500 0.038613
0 0.190312 0.388889 0.031875 0.038613
0 0.566562 0.264381 0.031875 0.038613
0 0.926563 0.550827 0.030625 0.039401
