0 0.379058 0.315693 0.063312 0.047445
0 0.577922 0.331509 0.068182 0.045012
0 0.340909 0.357664 0.071429 0.055961
0 0.488636 0.380170 0.061688 0.052311
0 0.411526 0.360097 0.092532 0.060827
0 0.484578 0.236010 0.063312 0.041363
0 0.706169 0.429440 0.055195 0.041363
0 0.484578 0.285280 0.069805 0.052311
0 0.400162 0.213504 0.076299 0.059611
0 0.551136 0.355839 0.066558 0.032847
0 0.643669 0.343674 0.066558 0.049878
0 0.599838 0.247567 0.069805 0.057178
0 0.165584 0.240268 0.055195 0.037713
0 0.290584 0.425182 0.055195 0.040146
0 0.310877 0.167883 0.082792 0.058394
0 0.069805 0.291971 0.055195 0.043796
0 0.639610 0.015815 0.061688 0.024331
0 0.279221 0.216545 0.074675 0.055961
0 0.109578 0.250608 0.066558 0.051095
0 0.693182 0.554136 0.058442 0.047445
0 0.882305 0.026156 0.066558 0.049878
0 0.779221 0.654501 0.064935 0.048662
0 0.814123 0.610706 0.053571 0.051095
0 0.210227 0.231144 0.073052 0.053528
0 0.870130 0.751825 0.058442 0.043796
0 0.744318 0.614964 0.056818 0.047445
0 0.830357 0.810827 0.063312 0.052311
0 0.702922 0.032238 0.068182 0.054745
0 0.616071 0.298054 0.066558 0.048662
0 0.546266 0.566302 0.060065 0.035280
0 0.551948 0.270681 0.055195 0.049878
0 0.950487 0.223236 0.040584 0.027981
0 0.645292 0.535280 0.047078 0.036496
0 0.692370 0.679440 0.056818 0.045012
0 0.685065 0.325426 0.064935 0.045012
0 0.248377 0.057786 0.051948 0.047445
0 0.709416 0.299878 0.068182 0.045012
