0 0.320500 0.036732 0.033000 0.043478
0 0.513500 0.589205 0.041000 0.062969
0 0.243500 0.388306 0.035000 0.050975
0 0.308500 0.443778 0.033000 0.041979
0 0.805500 0.720390 0.043000 0.064468
0 0.515000 0.207646 0.036000 0.052474
0 0.614000 0.409295 0.048000 0.068966
0 0.051000 0.050975 0.054000 0.077961
0 0.026000 0.424288 0.038000 0.050975
0 0.104500 0.900300 0.033000 0.043478
0 0.538000 0.096702 0.062000 0.085457
0 0.052500 0.527736 0.033000 0.056972
0 0.369500 0.247376 0.033000 0.044978
0 0.328500 0.529985 0.031000 0.055472
0 0.759500 0.530735 0.045000 0.062969
0 0.186500 0.200150 0.045000 0.061469
0 0.681500 0.552474 0.045000 0.067466
0 0.340500 0.240630 0.031000 0.040480
0 0.254000 0.500750 0.028000 0.050975
0 0.694500 0.148426 0.051000 0.071964
0 0.568500 0.441529 0.043000 0.064468
0 0.545000 0.566717 0.040000 0.059970
0 0.020000 0.533733 0.034000 0.062969
0 0.075000 0.228636 0.030000 0.055472
0 0.745500 0.149925 0.047000 0.074963
0 0.357500 0.247376 0.053000 0.053973
0 0.829000 0.269115 0.030000 0.046477
0 0.799000 0.490255 0.052000 0.059970
0 0.447000 0.497751 0.038000 0.059970
0 0.833000 0.685907 0.044000 0.052474
0 0.340500 0.583208 0.043000 0.050975
0 0.204000 0.399550 0.030000 0.058471
0 0.651500 0.018741 0.041000 0.031484
0 0.733000 0.592954 0.042000 0.064468
0 0.291500 0.258621 0.047000 0.058471
0 0.063000 0.392804 0.040000 0.053973
0 0.011000 0.763118 0.020000 0.044978
0 0.469500 0.377811 0.039000 0.062969
0 0.627500 0.122939 0.055000 0.056972
0 0.214000 0.336582 0.042000 0.055472
0 0.638000 0.806597 0.034000 0.047976
0 0.378000 0.027736 0.038000 0.052474
0 0.482500 0.478261 0.035000 0.062969
0 0.484000 0.158921 0.036000 0.053973
0 0.795500 0.602699 0.037000 0.068966
0 0.581500 0.718891 0.041000 0.058471
