0 0.772000 0.886121 0.100000 0.188612
0 0.253500 0.417260 0.089000 0.151246
0 0.683500 0.153025 0.109000 0.195730
0 0.385500 0.498221 0.135000 0.252669
0 0.133000 0.745552 0.106000 0.103203
0 0.186500 0.959075 0.123000 0.081851
0 0.520500 0.567616 0.139000 0.206406
0 0.441500 0.096975 0.139000 0.190391
0 0.669500 0.885231 0.139000 0.218861
0 0.762000 0.411922 0.130000 0.236655
0 0.496000 0.413701 0.148000 0.261566
0 0.259000 0.590747 0.142000 0.259786
0 0.585000 0.120996 0.126000 0.238434
0 0.316500 0.919039 0.133000 0.158363
0 0.374500 0.177936 0.119000 0.238434
0 0.348000 0.808719 0.126000 0.225979
0 0.756000 0.685943 0.112000 0.197509
