0 0.092364 0.212963 0.074849 0.103175
0 0.709047 0.897203 0.062752 0.089947
0 0.661542 0.717687 0.074597 0.105820
0 0.808216 0.770219 0.061996 0.090703
0 0.204637 0.298564 0.074093 0.106576
0 0.062878 0.672714 0.077369 0.118670
0 0.719380 0.784580 0.066784 0.119426
0 0.587828 0.523998 0.069304 0.111489
0 0.911668 0.322751 0.053679 0.089191
0 0.300151 0.392101 0.092238 0.125094
0 0.686996 0.479214 0.071573 0.113379
0 0.597908 0.300454 0.054183 0.092215
0 0.709677 0.110355 0.063004 0.077853
0 0.511089 0.656841 0.049899 0.074074
0 0.453125 0.555367 0.085181 0.127362
0 0.185106 0.785525 0.064264 0.096372
0 0.653226 0.147770 0.086694 0.126984
0 0.779360 0.317460 0.076361 0.120937
0 0.557334 0.076153 0.085938 0.124339
0 0.410912 0.124339 0.080897 0.115646
0 0.550277 0.336357 0.052167 0.089947
0 0.294607 0.268519 0.080645 0.120559
0 0.476815 0.954837 0.079133 0.090325
0 0.202999 0.482615 0.076361 0.111867
0 0.646421 0.052343 0.087702 0.103175
0 0.926537 0.655140 0.065776 0.108466
0 0.716482 0.289872 0.026714 0.044596
0 0.221270 0.850529 0.075101 0.122071
