0 0.840385 0.473326 0.045385 0.061715
0 0.310385 0.680962 0.034615 0.058577
0 0.893846 0.529812 0.047692 0.070084
0 0.670769 0.436715 0.050769 0.063808
0 0.450000 0.635983 0.050769 0.071130
0 0.232308 0.375000 0.036923 0.061715
0 0.438077 0.703975 0.045385 0.052301
0 0.170385 0.531381 0.048462 0.060669
0 0.386154 0.791318 0.046154 0.051255
0 0.498462 0.299686 0.046154 0.057531
0 0.401538 0.482741 0.049231 0.061715
0 0.570000 0.320084 0.043077 0.048117
0 0.254231 0.421548 0.037692 0.046025
0 0.299615 0.623431 0.045385 0.069038
0 0.238077 0.741632 0.040769 0.048117
0 0.363846 0.307008 0.060000 0.055439
0 0.266923 0.351987 0.043077 0.065900
0 0.496538 0.574791 0.039231 0.053347
0 0.481923 0.617155 0.037692 0.052301
0 0.786538 0.425209 0.051538 0.067992
0 0.263462 0.536088 0.043846 0.067992
0 0.454231 0.287134 0.043846 0.047071
0 0.406154 0.750523 0.050769 0.072176
0 0.866923 0.427824 0.043077 0.071130
0 0.621923 0.317992 0.037692 0.041841
0 0.178462 0.690377 0.049231 0.048117
0 0.402692 0.679916 0.045385 0.058577
0 0.819231 0.463912 0.044615 0.057531
0 0.578077 0.539226 0.053077 0.055439
0 0.093846 0.317469 0.056923 0.076360
