0 0.586000 0.819000 0.088000 0.098000
0 0.220000 0.568000 0.084000 0.116000
0 0.473000 0.602000 0.114000 0.112000
0 0.414000 0.276000 0.092000 0.100000
0 0.096000 0.082000 0.088000 0.076000
0 0.526000 0.207000 0.104000 0.122000
0 0.212000 0.205000 0.068000 0.094000
0 0.198000 0.676000 0.072000 0.076000
0 0.947000 0.880000 0.098000 0.092000
0 0.811000 0.604000 0.094000 0.096000
0 0.851000 0.781000 0.102000 0.082000
0 0.767000 0.459000 0.094000 0.098000
0 0.141000 0.483000 0.066000 0.082000
0 0.218000 0.085000 0.080000 0.074000
0 0.669000 0.715000 0.110000 0.114000
0 0.803000 0.147000 0.110000 0.118000
0 0.685000 0.810000 0.102000 0.088000
0 0.889000 0.719000 0.094000 0.094000
0 0.458000 0.117000 0.116000 0.118000
0 0.062000 0.489000 0.100000 0.098000
0 0.309000 0.101000 0.114000 0.094000
0 0.370000 0.832000 0.080000 0.096000
0 0.461000 0.815000 0.110000 0.130000
