0 0.117000 0.768000 0.194000 0.200000
0 0.481000 0.682000 0.182000 0.180000
0 0.191000 0.634000 0.138000 0.128000
0 0.422000 0.415000 0.136000 0.142000
0 0.249000 0.838000 0.102000 0.112000
0 0.406000 0.801000 0.108000 0.102000
0 0.807000 0.778000 0.202000 0.184000
0 0.317000 0.502000 0.134000 0.152000
0 0.535000 0.855000 0.162000 0.134000
0 0.422000 0.923000 0.236000 0.150000
0 0.692000 0.654000 0.184000 0.164000
0 0.536000 0.546000 0.188000 0.172000
0 0.314000 0.730000 0.128000 0.120000
0 0.365000 0.614000 0.146000 0.144000
