0 0.171000 0.130484 0.086000 0.051744
0 0.309000 0.513498 0.074000 0.039370
0 0.651000 0.255906 0.070000 0.037120
0 0.802000 0.093363 0.072000 0.035996
0 0.223000 0.330146 0.062000 0.028121
0 0.250000 0.104049 0.096000 0.050619
0 0.105000 0.471879 0.074000 0.039370
0 0.748000 0.274466 0.072000 0.040495
0 0.440000 0.915073 0.108000 0.052868
0 0.650000 0.223847 0.064000 0.029246
0 0.795000 0.422947 0.070000 0.042745
0 0.753000 0.952756 0.134000 0.062992
0 0.810000 0.278965 0.072000 0.040495
0 0.075000 0.432508 0.074000 0.039370
