0 0.647273 0.292089 0.080000 0.047468
0 0.255455 0.666772 0.100000 0.072785
0 0.301364 0.065190 0.093636 0.058228
0 0.199545 0.561392 0.086364 0.059494
0 0.196364 0.739873 0.105455 0.074684
0 0.690909 0.475949 0.081818 0.050633
0 0.385909 0.953797 0.133636 0.087342
0 0.723182 0.321519 0.068182 0.050633
0 0.532727 0.317405 0.080000 0.057595
0 0.490455 0.843671 0.093636 0.075949
0 0.708636 0.525000 0.077273 0.063924
0 0.106364 0.156329 0.061818 0.043038
0 0.108636 0.662342 0.095455 0.047468
0 0.095000 0.599684 0.073636 0.048734
0 0.368636 0.699367 0.071818 0.037975
0 0.284545 0.224051 0.083636 0.063291
0 0.402273 0.082595 0.091818 0.050000
0 0.369545 0.033544 0.102727 0.063291
0 0.103636 0.781013 0.107273 0.079747
