0 0.751250 0.320000 0.037500 0.108571
0 0.486250 0.808571 0.032500 0.108571
0 0.681250 0.317143 0.027500 0.091429
0 0.249583 0.171429 0.029167 0.085714
0 0.468333 0.175714 0.028333 0.094286
0 0.225000 0.542857 0.028333 0.091429
0 0.182500 0.580000 0.028333 0.097143
0 0.666667 0.042857 0.025000 0.068571
0 0.209583 0.288571 0.025833 0.108571
0 0.849583 0.397143 0.025833 0.068571
0 0.450833 0.420000 0.030000 0.097143
0 0.885000 0.154286 0.023333 0.097143
0 0.495833 0.462857 0.030000 0.097143
0 0.957917 0.931429 0.030833 0.097143
0 0.062500 0.931429 0.021667 0.074286
0 0.635417 0.170000 0.025833 0.094286
0 0.539583 0.421429 0.034167 0.111429
0 0.412917 0.147143 0.030833 0.088571
0 0.717917 0.610000 0.034167 0.117143
0 0.208750 0.142857 0.032500 0.102857
0 0.181667 0.275714 0.030000 0.105714
0 0.859583 0.222857 0.032500 0.085714
0 0.094167 0.927143 0.023333 0.077143
0 0.154583 0.354286 0.029167 0.097143
0 0.526667 0.297143 0.026667 0.102857
0 0.013750 0.584286 0.024167 0.077143
0 0.723750 0.294286 0.020833 0.091429
0 0.122917 0.711429 0.032500 0.091429
0 0.698333 0.250000 0.031667 0.111429
0 0.423333 0.931429 0.023333 0.074286
0 0.011250 0.327143 0.019167 0.077143
0 0.391667 0.365714 0.030000 0.102857
0 0.008333 0.140000 0.015000 0.068571
0 0.540000 0.877143 0.035000 0.114286
0 0.110000 0.794286 0.026667 0.080000
0 0.927500 0.782857 0.025000 0.097143
0 0.802083 0.218571 0.029167 0.088571
0 0.372083 0.294286 0.027500 0.085714
0 0.479167 0.041429 0.031667 0.077143
0 0.727500 0.130000 0.028333 0.088571
0 0.184583 0.804286 0.022500 0.065714
0 0.147083 0.580000 0.027500 0.097143
0 0.098750 0.217143 0.034167 0.114286
0 0.262917 0.284286 0.032500 0.100000
0 0.788750 0.518571 0.035833 0.128571
0 0.295833 0.947143 0.035000 0.105714
0 0.343333 0.385714 0.031667 0.097143
0 0.987917 0.752857 0.022500 0.111429
0 0.875833 0.344286 0.030000 0.100000
0 0.429167 0.611429 0.031667 0.102857
0 0.919167 0.908571 0.035000 0.108571
0 0.702083 0.137143 0.032500 0.102857
