0 0.661875 0.400833 0.038750 0.058333
0 0.603750 0.415000 0.050000 0.053333
0 0.669375 0.026667 0.038750 0.043333
0 0.516250 0.019167 0.040000 0.035000
0 0.940000 0.476667 0.077500 0.093333
0 0.623125 0.213333 0.061250 0.083333
0 0.900625 0.075000 0.031250 0.033333
0 0.521875 0.394167 0.046250 0.061667
0 0.815000 0.153333 0.050000 0.066667
0 0.666250 0.311667 0.052500 0.053333
0 0.755000 0.348333 0.042500 0.066667
0 0.567500 0.060833 0.035000 0.048333
0 0.708125 0.237500 0.048750 0.061667
0 0.691875 0.151667 0.043750 0.060000
0 0.844375 0.284167 0.048750 0.048333
