0 0.110000 0.944099 0.064000 0.093168
0 0.646000 0.448758 0.080000 0.096273
0 0.202000 0.557453 0.080000 0.096273
0 0.500000 0.414596 0.092000 0.139752
0 0.396000 0.445652 0.080000 0.114907
0 0.805000 0.181677 0.082000 0.114907
0 0.743000 0.295031 0.082000 0.124224
0 0.678000 0.372671 0.076000 0.136646
0 0.362000 0.335404 0.092000 0.142857
0 0.468000 0.281056 0.076000 0.127329
0 0.140000 0.473602 0.080000 0.096273
0 0.065000 0.527950 0.074000 0.124224
0 0.208000 0.416149 0.084000 0.136646
0 0.108000 0.748447 0.064000 0.093168
0 0.182000 0.922360 0.080000 0.124224
0 0.164000 0.782609 0.080000 0.124224
0 0.251000 0.760870 0.062000 0.099379
0 0.570000 0.127329 0.084000 0.136646
0 0.041000 0.422360 0.070000 0.111801
0 0.591000 0.251553 0.094000 0.142857
