0 0.549219 0.782639 0.037500 0.056944
0 0.619531 0.485417 0.054688 0.095833
0 0.126172 0.225000 0.032031 0.061111
0 0.636719 0.906250 0.029688 0.048611
0 0.599609 0.849306 0.025781 0.043056
0 0.214844 0.456944 0.026563 0.047222
0 0.466797 0.199306 0.075781 0.181944
0 0.257422 0.353472 0.030469 0.059722
0 0.155859 0.214583 0.033594 0.051389
0 0.303906 0.523611 0.034375 0.058333
0 0.521094 0.250694 0.048438 0.056944
0 0.039844 0.193056 0.037500 0.058333
0 0.583203 0.468750 0.022656 0.051389
0 0.233203 0.295139 0.047656 0.081944
0 0.473047 0.161111 0.064844 0.108333
0 0.542578 0.522917 0.032031 0.054167
0 0.093750 0.198611 0.029688 0.047222
