0 0.098148 0.555556 0.077778 0.096296
0 0.581481 0.453704 0.096296 0.092593
0 0.290741 0.662963 0.111111 0.114815
0 0.414815 0.545370 0.092593 0.101852
0 0.889815 0.462963 0.075926 0.092593
0 0.755556 0.543519 0.114815 0.105556
0 0.736111 0.650926 0.075926 0.098148
0 0.217593 0.667593 0.064815 0.101852
0 0.200000 0.427778 0.114815 0.114815
0 0.812963 0.458333 0.100000 0.098148
0 0.485185 0.424074 0.088889 0.100000
0 0.819444 0.558333 0.064815 0.090741
0 0.319444 0.561111 0.094444 0.096296
0 0.563889 0.524074 0.094444 0.096296
0 0.175000 0.566667 0.109259 0.100000
0 0.670370 0.656481 0.103704 0.109259
