0 0.443709 0.609626 0.309051 0.379679
0 0.281457 0.374332 0.267108 0.294118
0 0.792494 0.605615 0.300221 0.371658
0 0.924945 0.128342 0.145695 0.251337
0 0.569536 0.355615 0.282561 0.331551
0 0.887417 0.862299 0.225166 0.254011
0 0.250552 0.872995 0.302428 0.237968
0 0.065121 0.382353 0.125828 0.331551
0 0.701987 0.140374 0.229581 0.275401
0 0.124724 0.652406 0.231788 0.288770
0 0.593819 0.850267 0.309051 0.272727
0 0.880795 0.367647 0.238411 0.296791
0 0.408389 0.165775 0.242826 0.283422
0 0.172185 0.149733 0.229581 0.267380
