0 0.598667 0.907246 0.232000 0.185507
0 0.095333 0.934783 0.188000 0.130435
0 0.388000 0.907246 0.232000 0.185507
0 0.347333 0.123188 0.185333 0.182609
0 0.652000 0.168841 0.213333 0.207246
0 0.464667 0.265942 0.206667 0.227536
0 0.070667 0.686957 0.138667 0.231884
0 0.851333 0.168116 0.185333 0.214493
0 0.830667 0.554348 0.218667 0.207246
0 0.374667 0.468116 0.224000 0.246377
0 0.612667 0.369565 0.246667 0.281159
0 0.187333 0.078986 0.209333 0.155072
0 0.823333 0.354348 0.190667 0.210145
0 0.362667 0.705797 0.224000 0.246377
0 0.878000 0.750000 0.238667 0.247826
0 0.244667 0.260145 0.238667 0.242029
0 0.658667 0.776087 0.216000 0.242029
0 0.541333 0.605797 0.224000 0.246377
0 0.084000 0.419565 0.165333 0.279710
0 0.188000 0.588406 0.224000 0.246377
0 0.179333 0.809420 0.193333 0.230435
