0 0.585938 0.659766 0.228125 0.199219
0 0.283854 0.387891 0.319792 0.239844
0 0.171354 0.881250 0.180208 0.139063
0 0.528646 0.401563 0.211458 0.185938
0 0.084375 0.765234 0.158333 0.171094
0 0.768750 0.869922 0.162500 0.096094
0 0.582812 0.839453 0.232292 0.186719
0 0.111458 0.227734 0.220833 0.289844
0 0.788542 0.598047 0.337500 0.266406
0 0.679167 0.192969 0.564583 0.381250
0 0.254688 0.733203 0.223958 0.157031
0 0.807292 0.785156 0.262500 0.154688
0 0.784375 0.353906 0.343750 0.223438
0 0.191146 0.090625 0.338542 0.165625
