0 0.425833 0.199728 0.155000 0.328804
0 0.224167 0.892663 0.261667 0.198370
0 0.913333 0.141304 0.166667 0.277174
0 0.091667 0.187500 0.180000 0.369565
0 0.649167 0.630435 0.165000 0.380435
0 0.875000 0.554348 0.243333 0.407609
0 0.262500 0.191576 0.175000 0.269022
0 0.302500 0.754076 0.185000 0.339674
0 0.111667 0.641304 0.216667 0.456522
0 0.292500 0.406250 0.238333 0.372283
0 0.775833 0.851902 0.275000 0.296196
0 0.597500 0.239130 0.271667 0.402174
0 0.501667 0.888587 0.240000 0.201087
0 0.755833 0.385870 0.188333 0.369565
0 0.463333 0.582880 0.260000 0.442935
