0 0.568215 0.948787 0.071118 0.086253
0 0.253991 0.634771 0.069666 0.115903
0 0.327286 0.667116 0.074020 0.132075
0 0.261248 0.851752 0.078374 0.134771
0 0.695210 0.877358 0.081277 0.137466
0 0.781567 0.737197 0.074020 0.115903
0 0.625544 0.882749 0.063861 0.105121
0 0.024673 0.642857 0.040639 0.110512
0 0.754717 0.938005 0.095791 0.107817
0 0.504354 0.901617 0.071118 0.105121
0 0.257620 0.944744 0.079826 0.088949
0 0.362845 0.935310 0.081277 0.102426
0 0.656749 0.668464 0.062409 0.107817
0 0.941945 0.839623 0.063861 0.072776
0 0.521771 0.578167 0.059507 0.088949
0 0.174891 0.932615 0.100145 0.118598
0 0.943396 0.929919 0.081277 0.123989
0 0.078374 0.605121 0.075472 0.099730
0 0.246734 0.711590 0.055152 0.118598
0 0.595065 0.646900 0.066763 0.107817
0 0.202467 0.730458 0.076923 0.123989
0 0.076197 0.439353 0.059507 0.107817
0 0.085631 0.690027 0.075472 0.086253
0 0.395501 0.673854 0.074020 0.118598
0 0.298984 0.481132 0.055152 0.083558
0 0.780842 0.536388 0.058055 0.097035
0 0.463716 0.539084 0.062409 0.097035
0 0.925254 0.622642 0.074020 0.134771
0 0.081277 0.796496 0.078374 0.148248
0 0.058781 0.896226 0.082729 0.115903
0 0.718433 0.765499 0.069666 0.107817
0 0.545718 0.812668 0.075472 0.121294
0 0.447750 0.733154 0.082729 0.134771
0 0.381713 0.842318 0.081277 0.132075
0 0.455733 0.843666 0.075472 0.123989
0 0.153120 0.567385 0.074020 0.132075
0 0.620464 0.750674 0.071118 0.115903
0 0.158200 0.832884 0.072569 0.107817
0 0.824383 0.699461 0.066763 0.121294
0 0.325835 0.822102 0.062409 0.113208
0 0.870102 0.808625 0.082729 0.150943
