0 0.546429 0.690476 0.150000 0.200000
0 0.895238 0.292063 0.128571 0.171429
0 0.370238 0.315873 0.140476 0.161905
0 0.069048 0.263492 0.133333 0.177778
0 0.739286 0.257143 0.111905 0.146032
0 0.936905 0.857143 0.126190 0.177778
0 0.272619 0.757143 0.150000 0.200000
0 0.814286 0.625397 0.147619 0.177778
0 0.425000 0.950794 0.159524 0.098413
0 0.878571 0.731746 0.142857 0.180952
0 0.686905 0.665079 0.150000 0.200000
0 0.622619 0.242857 0.116667 0.161905
0 0.498810 0.265079 0.116667 0.161905
0 0.420238 0.590476 0.135714 0.114286
0 0.183333 0.509524 0.147619 0.212698
0 0.135714 0.693651 0.138095 0.174603
0 0.286905 0.612698 0.130952 0.120635
0 0.830952 0.900000 0.142857 0.180952
0 0.586905 0.396825 0.126190 0.171429
0 0.204762 0.265079 0.123810 0.155556
0 0.054762 0.519048 0.104762 0.212698
0 0.570238 0.936508 0.150000 0.126984
0 0.953571 0.465079 0.092857 0.168254
0 0.710714 0.922222 0.150000 0.155556
0 0.465476 0.438095 0.126190 0.171429
0 0.861905 0.460317 0.128571 0.171429
0 0.705952 0.409524 0.111905 0.146032
0 0.413095 0.719048 0.150000 0.200000
0 0.670238 0.534921 0.135714 0.142857
0 0.546429 0.544444 0.135714 0.142857
