0 0.465104 0.563889 0.134375 0.231481
0 0.804688 0.294444 0.119792 0.181481
0 0.505208 0.142593 0.102083 0.200000
0 0.310937 0.169444 0.107292 0.179630
0 0.241667 0.336111 0.114583 0.205556
0 0.070312 0.633333 0.138542 0.262963
0 0.785417 0.425000 0.104167 0.175926
0 0.689063 0.211111 0.123958 0.203704
0 0.878125 0.172222 0.108333 0.188889
0 0.480729 0.331481 0.123958 0.203704
0 0.456771 0.835185 0.167708 0.307407
0 0.129167 0.177778 0.110417 0.159259
0 0.245312 0.838889 0.153125 0.192593
0 0.346875 0.314815 0.122917 0.214815
0 0.232813 0.632407 0.151042 0.238889
0 0.905208 0.453704 0.127083 0.166667
0 0.600000 0.169444 0.083333 0.183333
0 0.610417 0.792593 0.154167 0.292593
0 0.117708 0.305556 0.129167 0.200000
0 0.223437 0.128704 0.107292 0.179630
0 0.090104 0.439815 0.136458 0.205556
0 0.924479 0.626852 0.142708 0.246296
0 0.922396 0.853704 0.153125 0.281481
0 0.954167 0.238889 0.083333 0.218519
0 0.088542 0.887037 0.175000 0.218519
0 0.702083 0.063889 0.102083 0.124074
0 0.436979 0.063889 0.092708 0.124074
0 0.601042 0.362037 0.122917 0.212963
0 0.790104 0.612037 0.134375 0.231481
0 0.800521 0.101852 0.105208 0.177778
0 0.778646 0.863889 0.180208 0.253704
0 0.031250 0.268519 0.060417 0.214815
