0 0.100911 0.119792 0.191406 0.184896
0 0.871745 0.763021 0.246094 0.229167
0 0.248047 0.648438 0.201823 0.197917
0 0.736979 0.798828 0.192708 0.207031
0 0.182943 0.466797 0.183594 0.199219
0 0.544271 0.359375 0.221354 0.216146
0 0.640625 0.201172 0.197917 0.220052
0 0.078776 0.295573 0.154948 0.203125
0 0.947266 0.597656 0.105469 0.244792
0 0.817708 0.144531 0.174479 0.171875
0 0.536458 0.761719 0.221354 0.216146
0 0.760417 0.949219 0.210938 0.101562
0 0.449219 0.173828 0.221354 0.217448
0 0.837891 0.319661 0.183594 0.199219
0 0.293620 0.229167 0.183594 0.190104
0 0.751302 0.470052 0.213542 0.223958
0 0.066406 0.863932 0.130208 0.238281
0 0.476562 0.912760 0.236979 0.174479
0 0.359375 0.509115 0.221354 0.216146
0 0.275391 0.814453 0.214844 0.209635
0 0.263021 0.073568 0.208333 0.144531
0 0.820312 0.147135 0.174479 0.171875
0 0.617188 0.592448 0.213542 0.223958
