0 0.292500 0.936667 0.288333 0.123333
0 0.520000 0.371667 0.276667 0.243333
0 0.174167 0.705833 0.208333 0.218333
0 0.741667 0.429167 0.186667 0.151667
0 0.567500 0.588333 0.261667 0.233333
0 0.302500 0.525000 0.298333 0.273333
0 0.735833 0.254167 0.248333 0.235000
0 0.946667 0.315833 0.106667 0.138333
0 0.265833 0.285000 0.255000 0.233333
0 0.585000 0.769167 0.230000 0.175000
0 0.094167 0.500000 0.185000 0.240000
0 0.800000 0.615000 0.230000 0.233333
0 0.155833 0.100000 0.255000 0.196667
0 0.872500 0.884167 0.248333 0.231667
0 0.309167 0.140833 0.135000 0.091667
0 0.374167 0.770833 0.255000 0.255000
0 0.883333 0.094167 0.216667 0.181667
0 0.915833 0.504167 0.168333 0.251667
0 0.493333 0.148333 0.266667 0.240000
0 0.633333 0.926667 0.276667 0.146667
0 0.053333 0.255833 0.103333 0.251667
0 0.101667 0.855000 0.196667 0.270000
