0 0.747461 0.774375 0.095106 0.091250
0 0.652816 0.826250 0.088643 0.120000
0 0.264081 0.415625 0.101570 0.146250
0 0.145891 0.413125 0.101570 0.146250
0 0.707756 0.875000 0.115420 0.142500
0 0.209603 0.898125 0.094183 0.126250
0 0.738227 0.286875 0.122807 0.173750
0 0.662512 0.730000 0.085873 0.110000
0 0.848569 0.358750 0.103416 0.135000
0 0.798707 0.859375 0.090489 0.123750
0 0.592336 0.739375 0.069252 0.116250
0 0.630194 0.199375 0.122807 0.156250
0 0.585873 0.873125 0.082179 0.091250
0 0.435365 0.395625 0.122807 0.156250
0 0.039243 0.432500 0.076639 0.150000
0 0.548938 0.354375 0.122807 0.156250
