0 0.284444 0.184167 0.222222 0.278333
0 0.031667 0.846667 0.061111 0.293333
0 0.104444 0.431667 0.206667 0.430000
0 0.197222 0.650000 0.321111 0.300000
0 0.839444 0.865000 0.310000 0.256667
0 0.610000 0.203333 0.268889 0.386667
0 0.520556 0.571667 0.327778 0.473333
0 0.879444 0.327500 0.227778 0.325000
0 0.946667 0.141667 0.104444 0.280000
0 0.773889 0.527500 0.256667 0.398333
0 0.461667 0.874167 0.207778 0.228333
0 0.085556 0.157500 0.168889 0.305000
0 0.220556 0.848333 0.367778 0.283333
0 0.774444 0.129167 0.233333 0.255000
0 0.372778 0.349167 0.290000 0.391667
