0 0.613000 0.898488 0.194000 0.190065
0 0.083000 0.473002 0.150000 0.177106
0 0.491000 0.766739 0.174000 0.190065
0 0.926000 0.452484 0.148000 0.174946
0 0.526000 0.173866 0.168000 0.179266
0 0.400000 0.912527 0.192000 0.166307
0 0.167000 0.325054 0.162000 0.183585
0 0.872000 0.623110 0.148000 0.166307
0 0.325000 0.356371 0.178000 0.194384
0 0.077000 0.185745 0.150000 0.177106
0 0.472000 0.585313 0.168000 0.177106
0 0.741000 0.352052 0.142000 0.168467
0 0.799000 0.777538 0.174000 0.185745
0 0.717000 0.617711 0.162000 0.164147
0 0.866000 0.235421 0.172000 0.190065
0 0.302000 0.725702 0.168000 0.177106
0 0.219000 0.209503 0.150000 0.138229
0 0.067000 0.742981 0.130000 0.185745
0 0.796000 0.514039 0.148000 0.138229
0 0.334000 0.091793 0.168000 0.179266
0 0.646000 0.463283 0.172000 0.187905
0 0.686000 0.212743 0.168000 0.179266
0 0.598000 0.074514 0.156000 0.144708
0 0.203000 0.573434 0.170000 0.209503
0 0.203000 0.876890 0.170000 0.198704
0 0.488000 0.340173 0.168000 0.179266
