0 0.768750 0.255556 0.243056 0.180556
0 0.484028 0.838889 0.395833 0.294444
0 0.365278 0.611111 0.297222 0.233333
0 0.645139 0.691667 0.309722 0.222222
0 0.849306 0.786111 0.298611 0.319444
0 0.611111 0.343056 0.247222 0.188889
0 0.132639 0.787500 0.256944 0.258333
0 0.352778 0.248611 0.275000 0.177778
0 0.600000 0.497917 0.258333 0.154167
0 0.155556 0.437500 0.291667 0.205556
0 0.860417 0.468056 0.279167 0.197222
0 0.384722 0.393750 0.297222 0.206944
0 0.748611 0.093750 0.200000 0.137500
0 0.900000 0.331250 0.197222 0.115278
