0 0.295714 0.156489 0.157143 0.198473
0 0.380000 0.494275 0.165714 0.209924
0 0.750000 0.133588 0.128571 0.183206
0 0.977143 0.755725 0.045714 0.152672
0 0.200000 0.627863 0.217143 0.293893
0 0.524286 0.351145 0.151429 0.190840
0 0.825714 0.860687 0.228571 0.263359
0 0.878571 0.692748 0.197143 0.217557
0 0.294286 0.854962 0.188571 0.259542
0 0.517143 0.891221 0.194286 0.202290
0 0.685714 0.358779 0.160000 0.206107
0 0.858571 0.278626 0.145714 0.198473
0 0.952857 0.391221 0.088571 0.187023
0 0.067143 0.566794 0.128571 0.248092
0 0.211429 0.412214 0.177143 0.213740
0 0.084286 0.284351 0.162857 0.209924
0 0.847143 0.490458 0.214286 0.263359
0 0.591429 0.532443 0.182857 0.248092
0 0.462857 0.687023 0.200000 0.236641
