0 0.870769 0.436923 0.246154 0.233846
0 0.262308 0.109231 0.220000 0.203077
0 0.360769 0.867692 0.300000 0.255385
0 0.365385 0.542308 0.293846 0.309231
0 0.837692 0.908462 0.290769 0.173846
0 0.473846 0.690769 0.233846 0.227692
0 0.358462 0.206154 0.212308 0.193846
0 0.949231 0.164615 0.101538 0.224615
0 0.216154 0.363846 0.263077 0.253846
0 0.587692 0.166923 0.233846 0.275385
0 0.847692 0.676154 0.295385 0.275385
0 0.230000 0.736154 0.263077 0.253846
0 0.695385 0.756923 0.233846 0.227692
0 0.470769 0.386923 0.246154 0.256923
0 0.652308 0.525385 0.261538 0.281538
0 0.850769 0.296923 0.236923 0.190769
