0 0.360840 0.722388 0.202148 0.340299
0 0.259277 0.432836 0.209961 0.313433
0 0.590820 0.700000 0.197266 0.274627
0 0.587402 0.168657 0.174805 0.247761
0 0.374512 0.161940 0.174805 0.246269
0 0.802246 0.164925 0.174805 0.261194
0 0.233398 0.923134 0.205078 0.144776
0 0.164062 0.161194 0.148438 0.232836
0 0.491699 0.408955 0.174805 0.247761
0 0.702637 0.417910 0.174805 0.247761
0 0.062988 0.405970 0.120117 0.253731
0 0.839355 0.688060 0.170898 0.277612
0 0.478516 0.926866 0.187500 0.146269
0 0.914551 0.410448 0.166992 0.247761
0 0.120605 0.698507 0.208008 0.298507
