0 0.196094 0.917800 0.090625 0.130385
0 0.938672 0.582766 0.082031 0.104308
0 0.754297 0.384921 0.071094 0.087302
0 0.502734 0.535147 0.077344 0.097506
0 0.178906 0.567460 0.065625 0.080499
0 0.255469 0.498299 0.064063 0.082766
0 0.414844 0.859410 0.067187 0.115646
0 0.673828 0.534014 0.080469 0.090703
0 0.812891 0.514739 0.080469 0.097506
0 0.894141 0.473923 0.072656 0.104308
0 0.132422 0.759070 0.082031 0.109977
0 0.557031 0.473923 0.067187 0.099773
0 0.385156 0.471088 0.068750 0.087302
0 0.300781 0.440476 0.065625 0.080499
0 0.949609 0.494331 0.063281 0.097506
0 0.555859 0.398526 0.061719 0.071429
0 0.280469 0.945011 0.071875 0.103175
0 0.451563 0.346372 0.068750 0.087302
0 0.519531 0.752834 0.076563 0.113379
0 0.658984 0.907029 0.103906 0.145125
0 0.408203 0.736961 0.099219 0.138322
0 0.860156 0.566893 0.073438 0.090703
0 0.891406 0.660431 0.084375 0.119048
0 0.443750 0.435941 0.068750 0.087302
0 0.943750 0.768141 0.087500 0.125850
0 0.142969 0.656463 0.076563 0.106576
0 0.681250 0.643991 0.093750 0.131519
0 0.503516 0.452381 0.060156 0.081633
0 0.250781 0.566327 0.065625 0.080499
0 0.753906 0.473356 0.075000 0.094104
0 0.519531 0.628685 0.068750 0.094104
0 0.750391 0.479592 0.077344 0.108844
0 0.330469 0.675737 0.082813 0.122449
0 0.718359 0.800454 0.103906 0.136054
0 0.830469 0.715986 0.087500 0.125850
0 0.880078 0.910998 0.102344 0.134921
0 0.379297 0.578231 0.075781 0.106576
0 0.282031 0.947279 0.071875 0.103175
0 0.074219 0.731293 0.056250 0.090703
0 0.060156 0.838435 0.090625 0.130385
0 0.262891 0.744331 0.082031 0.109977
0 0.603516 0.589569 0.075781 0.106576
0 0.450781 0.518707 0.057813 0.073696
0 0.842969 0.418367 0.067187 0.099773
0 0.751953 0.934240 0.092969 0.131519
0 0.603906 0.704082 0.093750 0.131519
0 0.455859 0.670635 0.078906 0.116780
0 0.203516 0.728458 0.071094 0.109977
0 0.442578 0.594104 0.078906 0.079365
0 0.497656 0.896259 0.085938 0.134921
0 0.339844 0.807256 0.093750 0.131519
0 0.622656 0.499433 0.057813 0.082766
