0 0.116250 0.625625 0.120000 0.103750
0 0.406250 0.424375 0.075000 0.056250
0 0.087500 0.345625 0.087500 0.076250
0 0.235625 0.577500 0.118750 0.115000
0 0.482500 0.371875 0.075000 0.056250
0 0.318750 0.725000 0.127500 0.112500
0 0.826875 0.589375 0.091250 0.076250
0 0.535625 0.451250 0.083750 0.062500
0 0.273750 0.907500 0.142500 0.112500
0 0.601250 0.816250 0.127500 0.112500
0 0.253125 0.345625 0.078750 0.063750
0 0.613750 0.603750 0.097500 0.070000
0 0.706250 0.716250 0.127500 0.112500
0 0.384375 0.553750 0.101250 0.085000
0 0.575000 0.906250 0.127500 0.107500
0 0.240000 0.809375 0.120000 0.103750
0 0.406250 0.825000 0.127500 0.112500
0 0.095000 0.871875 0.120000 0.103750
0 0.731250 0.560000 0.092500 0.092500
0 0.513125 0.803125 0.093750 0.098750
0 0.468750 0.508125 0.087500 0.081250
0 0.219375 0.680000 0.098750 0.080000
0 0.405000 0.346875 0.075000 0.056250
0 0.928750 0.641875 0.085000 0.088750
0 0.793750 0.878750 0.127500 0.107500
0 0.119375 0.466875 0.096250 0.098750
0 0.296875 0.522500 0.101250 0.085000
0 0.394375 0.641875 0.108750 0.096250
0 0.666250 0.416250 0.087500 0.070000
0 0.625000 0.673125 0.110000 0.108750
0 0.408750 0.917500 0.120000 0.092500
0 0.512500 0.664375 0.122500 0.108750
0 0.210000 0.460625 0.082500 0.081250
0 0.684375 0.930000 0.131250 0.072500
0 0.131875 0.686250 0.106250 0.070000
0 0.930000 0.775000 0.067500 0.092500
0 0.123125 0.774375 0.123750 0.121250
0 0.797500 0.695000 0.092500 0.097500
0 0.716875 0.816875 0.121250 0.106250
0 0.758750 0.408750 0.087500 0.070000
0 0.330000 0.459375 0.087500 0.081250
0 0.886875 0.918125 0.116250 0.093750
0 0.643750 0.464375 0.087500 0.081250
0 0.876250 0.461875 0.087500 0.081250
0 0.856250 0.797500 0.127500 0.107500
0 0.642500 0.337500 0.077500 0.062500
