0 0.708667 0.634259 0.182667 0.268519
0 0.259333 0.301852 0.158667 0.159259
0 0.402667 0.310185 0.144000 0.164815
0 0.394667 0.874074 0.213333 0.237037
0 0.528000 0.662037 0.184000 0.268519
0 0.184000 0.871296 0.218667 0.238889
0 0.704000 0.301852 0.146667 0.148148
0 0.956000 0.846296 0.058667 0.229630
0 0.614000 0.866667 0.193333 0.240741
0 0.345333 0.668519 0.186667 0.255556
0 0.818000 0.854630 0.214667 0.257407
0 0.875333 0.435185 0.177333 0.233333
0 0.527333 0.455556 0.164000 0.203704
0 0.858000 0.299074 0.161333 0.146296
0 0.190000 0.459259 0.177333 0.225926
0 0.688667 0.429630 0.164000 0.203704
0 0.360667 0.461111 0.164000 0.203704
0 0.910000 0.632407 0.150667 0.257407
0 0.553333 0.310185 0.144000 0.164815
