0 0.692500 0.632143 0.141000 0.235714
0 0.437500 0.641429 0.171000 0.254286
0 0.815500 0.797857 0.209000 0.252857
0 0.318500 0.810714 0.169000 0.221429
0 0.114500 0.183571 0.131000 0.195714
0 0.086000 0.760000 0.158000 0.242857
0 0.414500 0.281429 0.145000 0.208571
0 0.183500 0.307143 0.125000 0.197143
0 0.894000 0.317857 0.166000 0.204286
0 0.540500 0.421429 0.157000 0.202857
0 0.210000 0.621429 0.182000 0.260000
0 0.794500 0.462857 0.143000 0.234286
0 0.087000 0.445714 0.132000 0.185714
0 0.298000 0.162857 0.140000 0.214286
0 0.579500 0.820714 0.179000 0.241429
0 0.302500 0.455714 0.145000 0.208571
0 0.548000 0.161429 0.140000 0.214286
0 0.910500 0.637143 0.179000 0.257143
0 0.786500 0.156429 0.115000 0.178571
0 0.662500 0.300000 0.157000 0.202857
