0 0.248462 0.376728 0.090769 0.135945
0 0.586923 0.397465 0.213846 0.343318
0 0.921538 0.064516 0.129231 0.124424
0 0.510769 0.180876 0.138462 0.241935
0 0.406923 0.624424 0.103077 0.161290
0 0.540000 0.902074 0.120000 0.163594
0 0.815385 0.199309 0.123077 0.149770
0 0.403077 0.326037 0.120000 0.186636
0 0.797692 0.410138 0.198462 0.317972
0 0.256154 0.609447 0.106154 0.168203
0 0.128462 0.586406 0.100000 0.108295
0 0.647692 0.228111 0.163077 0.235023
0 0.413846 0.979263 0.055385 0.036866
0 0.339231 0.425115 0.106154 0.168203
0 0.126154 0.715438 0.113846 0.172811
0 0.610769 0.071429 0.206154 0.138249
