0 0.920000 0.611667 0.142222 0.110000
0 0.573333 0.381667 0.133333 0.093333
0 0.816667 0.784167 0.148889 0.135000
0 0.676667 0.705833 0.162222 0.138333
0 0.505556 0.636667 0.188889 0.133333
0 0.888889 0.500833 0.115556 0.101667
0 0.804444 0.664167 0.151111 0.118333
0 0.187778 0.390833 0.153333 0.111667
0 0.708889 0.570000 0.142222 0.110000
0 0.582222 0.465833 0.137778 0.091667
0 0.108889 0.676667 0.213333 0.126667
0 0.781111 0.365000 0.095556 0.076667
0 0.414444 0.740833 0.215556 0.175000
0 0.382222 0.290000 0.124444 0.080000
0 0.566667 0.771667 0.137778 0.146667
0 0.084444 0.445000 0.164444 0.126667
0 0.396667 0.539167 0.171111 0.125000
0 0.220000 0.825000 0.266667 0.223333
0 0.446667 0.899167 0.200000 0.161667
0 0.638889 0.896667 0.184444 0.146667
0 0.715556 0.430000 0.124444 0.083333
0 0.137778 0.550000 0.222222 0.143333
0 0.410000 0.425833 0.153333 0.111667
0 0.568889 0.553333 0.160000 0.123333
0 0.298889 0.627500 0.171111 0.125000
