0 0.740672 0.752604 0.205224 0.192708
0 0.199627 0.721354 0.212687 0.151042
0 0.529851 0.807292 0.298507 0.187500
0 0.764925 0.279948 0.208955 0.226562
0 0.253731 0.842448 0.171642 0.143229
0 0.093284 0.832031 0.179104 0.164062
0 0.565299 0.358073 0.369403 0.273438
0 0.781716 0.513021 0.309701 0.239583
0 0.662313 0.966146 0.235075 0.062500
0 0.649254 0.122396 0.380597 0.239583
0 0.069030 0.658854 0.130597 0.182292
0 0.470149 0.592448 0.365672 0.263021
0 0.444030 0.924479 0.246269 0.135417
0 0.136194 0.227865 0.182836 0.143229
0 0.304104 0.356771 0.257463 0.229167
