0 0.325820 0.231538 0.168033 0.124615
0 0.659836 0.047692 0.098361 0.067692
0 0.963115 0.742308 0.069672 0.096923
0 0.736680 0.587692 0.243852 0.193846
0 0.121926 0.450769 0.231557 0.144615
0 0.620902 0.883077 0.336066 0.224615
0 0.942623 0.561538 0.114754 0.153846
0 0.910861 0.893846 0.178279 0.209231
0 0.799180 0.400000 0.200820 0.150769
0 0.470287 0.779231 0.174180 0.173846
0 0.330943 0.441538 0.178279 0.132308
0 0.802254 0.764615 0.272541 0.178462
0 0.125000 0.300000 0.196721 0.141538
0 0.240779 0.126923 0.145492 0.093846
0 0.540984 0.053077 0.143443 0.100000
0 0.096311 0.132308 0.180328 0.113846
0 0.523566 0.428462 0.202869 0.167692
0 0.471311 0.250769 0.143443 0.123077
0 0.799180 0.190769 0.147541 0.113846
0 0.117828 0.056923 0.174180 0.092308
0 0.407787 0.050000 0.110656 0.093846
0 0.114754 0.650769 0.225410 0.169231
0 0.631148 0.282308 0.168033 0.118462
0 0.525615 0.608462 0.190574 0.161538
0 0.255123 0.763846 0.325820 0.250769
0 0.324795 0.590000 0.194672 0.173846
