0 0.246269 0.837972 0.086567 0.109344
0 0.325373 0.412525 0.077612 0.105368
0 0.705970 0.335984 0.062687 0.083499
0 0.489552 0.316103 0.071642 0.091451
0 0.150746 0.802187 0.095522 0.129225
0 0.216418 0.743539 0.089552 0.119284
0 0.314925 0.833002 0.089552 0.119284
0 0.719403 0.280318 0.056716 0.095427
0 0.179851 0.644135 0.088060 0.095427
0 0.639552 0.188867 0.061194 0.087475
0 0.605224 0.042744 0.061194 0.073559
0 0.549254 0.363817 0.071642 0.091451
0 0.912687 0.657058 0.073134 0.089463
0 0.723881 0.435388 0.071642 0.091451
0 0.447015 0.248509 0.070149 0.095427
0 0.844030 0.446322 0.073134 0.101392
0 0.554478 0.080517 0.058209 0.073559
0 0.617164 0.956262 0.079104 0.079523
0 0.454478 0.636183 0.079104 0.115308
0 0.880597 0.730616 0.077612 0.101392
0 0.894030 0.224652 0.062687 0.087475
0 0.516418 0.255467 0.065672 0.093439
0 0.724627 0.569583 0.070149 0.085487
0 0.047015 0.626243 0.088060 0.095427
0 0.755970 0.140159 0.058209 0.073559
0 0.498507 0.179920 0.056716 0.065606
0 0.400746 0.567594 0.076119 0.093439
0 0.803731 0.713718 0.076119 0.111332
0 0.532090 0.927435 0.085075 0.109344
0 0.122388 0.696819 0.095522 0.129225
0 0.276866 0.959245 0.091045 0.077535
0 0.397761 0.691849 0.088060 0.095427
0 0.807463 0.900596 0.071642 0.095427
0 0.451493 0.904573 0.076119 0.103380
0 0.656716 0.712724 0.080597 0.109344
0 0.410448 0.180915 0.071642 0.095427
0 0.503731 0.818091 0.091045 0.117296
0 0.607463 0.481113 0.077612 0.095427
0 0.349254 0.511928 0.077612 0.105368
0 0.453731 0.142147 0.056716 0.089463
0 0.547015 0.609344 0.076119 0.101392
0 0.605224 0.119284 0.061194 0.083499
0 0.552985 0.166004 0.058209 0.073559
0 0.484328 0.532803 0.088060 0.107356
0 0.799254 0.582505 0.079104 0.099404
0 0.141791 0.566600 0.089552 0.103380
0 0.783582 0.397614 0.071642 0.091451
0 0.323134 0.745527 0.088060 0.095427
0 0.605970 0.828032 0.083582 0.117296
0 0.202985 0.924453 0.083582 0.123260
0 0.909701 0.584493 0.067164 0.071571
0 0.247015 0.360835 0.097015 0.113320
0 0.919403 0.333002 0.065672 0.081511
0 0.521642 0.696819 0.079104 0.093439
0 0.739552 0.070577 0.058209 0.073559
0 0.834328 0.238569 0.056716 0.075547
0 0.379851 0.948310 0.100000 0.095427
0 0.517164 0.112326 0.058209 0.073559
0 0.399254 0.104374 0.058209 0.077535
0 0.790299 0.048708 0.058209 0.073559
0 0.693284 0.501988 0.076119 0.089463
0 0.174627 0.419483 0.086567 0.099404
0 0.670149 0.123260 0.062687 0.087475
0 0.101493 0.916501 0.083582 0.123260
0 0.125373 0.466203 0.083582 0.101392
0 0.394776 0.318091 0.076119 0.107356
0 0.600000 0.213718 0.068657 0.089463
0 0.384328 0.846918 0.073134 0.107356
0 0.850746 0.562624 0.071642 0.087475
0 0.808955 0.163022 0.056716 0.075547
0 0.491791 0.041750 0.058209 0.071571
0 0.841045 0.333996 0.067164 0.071571
0 0.285075 0.544732 0.086567 0.111332
0 0.626119 0.609344 0.076119 0.101392
0 0.713433 0.191849 0.068657 0.089463
0 0.268657 0.656064 0.086567 0.111332
0 0.923134 0.453280 0.088060 0.099404
0 0.631343 0.320080 0.071642 0.091451
0 0.314925 0.314115 0.077612 0.095427
