0 0.901389 0.921296 0.189815 0.144444
0 0.497685 0.118056 0.100926 0.121296
0 0.235185 0.122685 0.120370 0.128704
0 0.830093 0.427315 0.169444 0.162037
0 0.716204 0.680556 0.199074 0.196296
0 0.093056 0.260185 0.134259 0.127778
0 0.403704 0.928241 0.205556 0.143519
0 0.151852 0.753704 0.203704 0.194444
0 0.136574 0.394907 0.169444 0.128704
0 0.610185 0.495833 0.148148 0.136111
0 0.688889 0.543981 0.157407 0.132407
0 0.380093 0.600463 0.169444 0.128704
0 0.858333 0.624537 0.187037 0.175000
0 0.281944 0.502315 0.143519 0.145370
0 0.550926 0.649074 0.161111 0.162963
0 0.407407 0.716667 0.181481 0.172222
0 0.359259 0.085648 0.114815 0.130556
0 0.685185 0.406019 0.125926 0.141667
0 0.215278 0.298611 0.143519 0.134259
0 0.588889 0.143056 0.109259 0.130556
0 0.130093 0.507870 0.171296 0.160185
0 0.631019 0.229630 0.125000 0.133333
0 0.599537 0.840741 0.241667 0.231481
0 0.704630 0.127778 0.135185 0.135185
