0 0.142857 0.710327 0.185714 0.171285
0 0.539286 0.115869 0.154762 0.151134
0 0.419048 0.772040 0.171429 0.198992
0 0.285714 0.658690 0.171429 0.198992
0 0.584524 0.249370 0.145238 0.176322
0 0.825000 0.491184 0.145238 0.176322
0 0.763095 0.144836 0.150000 0.163728
0 0.594048 0.497481 0.188095 0.183879
0 0.251190 0.440806 0.169048 0.176322
0 0.451190 0.299748 0.140476 0.136020
0 0.150000 0.209068 0.180952 0.191436
0 0.778571 0.772040 0.180952 0.188917
0 0.185714 0.355164 0.166667 0.156171
0 0.340476 0.080605 0.161905 0.156171
0 0.326190 0.269521 0.166667 0.176322
0 0.708333 0.458438 0.145238 0.176322
0 0.120238 0.897985 0.192857 0.193955
0 0.590476 0.841310 0.195238 0.196474
0 0.548810 0.643577 0.169048 0.173804
0 0.413095 0.505038 0.164286 0.193955
0 0.811905 0.304786 0.166667 0.176322
0 0.657143 0.279597 0.166667 0.176322
