0 0.469238 0.443804 0.166992 0.265130
0 0.411621 0.671470 0.168945 0.227666
0 0.908203 0.471902 0.148438 0.211816
0 0.942871 0.829251 0.110352 0.208934
0 0.271973 0.846542 0.182617 0.280980
0 0.592285 0.372478 0.159180 0.237752
0 0.864746 0.659942 0.137695 0.207493
0 0.929199 0.276657 0.129883 0.187320
0 0.710938 0.280259 0.160156 0.211816
0 0.275879 0.514409 0.161133 0.227666
0 0.390137 0.890490 0.192383 0.219020
0 0.083008 0.782421 0.160156 0.259366
0 0.154785 0.195965 0.114258 0.187320
0 0.096191 0.476225 0.178711 0.243516
0 0.381348 0.226945 0.176758 0.226225
0 0.734863 0.589337 0.131836 0.193084
0 0.635254 0.865994 0.165039 0.256484
0 0.254883 0.230548 0.169922 0.227666
0 0.208008 0.682997 0.177734 0.288184
0 0.412109 0.127522 0.074219 0.113833
