0 0.254000 0.864865 0.124000 0.102102
0 0.561000 0.662913 0.094000 0.070571
0 0.238000 0.959459 0.120000 0.081081
0 0.224000 0.786036 0.116000 0.085586
0 0.605000 0.856607 0.126000 0.100601
0 0.402000 0.804805 0.120000 0.093093
0 0.636000 0.773273 0.112000 0.096096
0 0.727000 0.746246 0.110000 0.084084
0 0.368000 0.921922 0.124000 0.102102
0 0.641000 0.674174 0.074000 0.072072
0 0.477000 0.946697 0.126000 0.100601
0 0.331000 0.769520 0.106000 0.091592
0 0.397000 0.698198 0.106000 0.087087
0 0.503000 0.710210 0.094000 0.078078
