0 0.393555 0.274740 0.171875 0.208333
0 0.523438 0.813802 0.154297 0.197917
0 0.865723 0.705078 0.137695 0.191406
0 0.766602 0.286458 0.119141 0.145833
0 0.687012 0.854167 0.165039 0.216146
0 0.636719 0.656901 0.125000 0.194010
0 0.852051 0.417969 0.129883 0.187500
0 0.136719 0.518229 0.177734 0.218750
0 0.294434 0.798828 0.204102 0.285156
0 0.291992 0.398438 0.183594 0.205729
0 0.930176 0.842448 0.139648 0.192708
0 0.118652 0.913411 0.217773 0.170573
0 0.502930 0.625000 0.164062 0.210938
0 0.626465 0.296875 0.161133 0.192708
0 0.229004 0.210286 0.163086 0.220052
0 0.814453 0.888672 0.152344 0.207031
0 0.114746 0.149740 0.127930 0.153646
0 0.507324 0.411458 0.170898 0.213542
0 0.740234 0.694661 0.105469 0.178385
0 0.924805 0.219401 0.109375 0.087240
0 0.083008 0.318359 0.164062 0.220052
0 0.727051 0.420573 0.141602 0.203125
0 0.179688 0.753906 0.101562 0.184896
0 0.088379 0.738281 0.174805 0.268229
0 0.277832 0.598307 0.151367 0.180990
