0 0.140562 0.465174 0.128514 0.159204
0 0.331325 0.462687 0.148594 0.154229
0 0.409639 0.652985 0.156627 0.181592
0 0.585341 0.282338 0.114458 0.097015
0 0.448795 0.405473 0.122490 0.134328
0 0.787149 0.746269 0.148594 0.144279
0 0.454819 0.242537 0.130522 0.121891
0 0.836345 0.460199 0.134538 0.154229
0 0.696787 0.550995 0.156627 0.146766
0 0.155622 0.883085 0.162651 0.164179
0 0.539157 0.712687 0.146586 0.171642
0 0.202811 0.241294 0.128514 0.119403
0 0.815261 0.322139 0.124498 0.101990
0 0.180723 0.691542 0.180723 0.223881
0 0.041165 0.482587 0.078313 0.184080
0 0.130522 0.307214 0.124498 0.097015
0 0.449799 0.819652 0.172691 0.196517
0 0.345382 0.063433 0.120482 0.121891
0 0.572289 0.417910 0.120482 0.134328
0 0.314257 0.930348 0.202811 0.134328
0 0.662651 0.446517 0.140562 0.126866
0 0.799197 0.884328 0.176707 0.201493
0 0.277108 0.594527 0.184739 0.218905
0 0.551205 0.557214 0.138554 0.149254
0 0.646586 0.175373 0.116466 0.121891
0 0.624498 0.861940 0.180723 0.221393
0 0.828313 0.230100 0.130522 0.116915
0 0.914659 0.771144 0.130522 0.164179
0 0.845382 0.582090 0.140562 0.144279
0 0.326305 0.309701 0.126506 0.106965
0 0.651606 0.694030 0.142570 0.124378
