0 0.229500 0.632221 0.187000 0.281130
0 0.698500 0.218870 0.191000 0.281130
0 0.333500 0.868421 0.195000 0.260591
0 0.921000 0.218228 0.152000 0.246470
0 0.588000 0.421053 0.180000 0.249037
0 0.343000 0.412709 0.186000 0.265725
0 0.587500 0.871630 0.195000 0.256739
0 0.716000 0.642490 0.192000 0.268293
0 0.462000 0.636072 0.192000 0.268293
0 0.928000 0.639923 0.140000 0.255456
0 0.831000 0.433248 0.196000 0.281130
0 0.848500 0.865212 0.189000 0.254172
0 0.114500 0.389602 0.187000 0.265725
0 0.245500 0.216303 0.177000 0.245186
0 0.103500 0.859435 0.205000 0.268293
0 0.469000 0.213736 0.206000 0.273427
