0 0.087500 0.390863 0.168333 0.197970
0 0.721667 0.465736 0.220000 0.286802
0 0.509167 0.166244 0.175000 0.175127
0 0.905833 0.210660 0.168333 0.228426
0 0.925000 0.454315 0.143333 0.294416
0 0.945000 0.755076 0.110000 0.291878
0 0.292500 0.416244 0.205000 0.289340
0 0.505833 0.409898 0.171667 0.225888
0 0.525000 0.760152 0.230000 0.388325
0 0.134167 0.144670 0.171667 0.182741
0 0.707500 0.180203 0.188333 0.228426
0 0.738333 0.770305 0.176667 0.327411
0 0.255000 0.758883 0.273333 0.340102
0 0.078333 0.728426 0.153333 0.329949
0 0.335000 0.158629 0.156667 0.210660
