0 0.859664 0.516276 0.211227 0.148872
0 0.659144 0.697917 0.233796 0.182292
0 0.222801 0.233941 0.203704 0.151910
0 0.423322 0.226128 0.175347 0.142361
0 0.847801 0.864583 0.269676 0.214410
0 0.279514 0.475694 0.219907 0.138889
0 0.861690 0.672526 0.219907 0.158420
0 0.264178 0.699436 0.226273 0.174913
0 0.463831 0.639757 0.262153 0.192708
0 0.163484 0.373698 0.204282 0.129340
0 0.319155 0.126302 0.185764 0.114583
0 0.586516 0.232205 0.175347 0.142361
0 0.605903 0.872613 0.219907 0.179253
0 0.119792 0.835938 0.238426 0.182292
0 0.708044 0.403429 0.226273 0.167969
0 0.364873 0.358290 0.207755 0.134983
0 0.786169 0.231554 0.211227 0.148872
0 0.430266 0.814887 0.247106 0.195747
0 0.661748 0.134549 0.176505 0.107639
0 0.836516 0.115885 0.190394 0.154514
0 0.497106 0.113064 0.174769 0.128906
0 0.473380 0.493924 0.219907 0.138889
