0 0.616875 0.616250 0.238750 0.260000
0 0.623125 0.865625 0.251250 0.241250
0 0.150000 0.118750 0.217500 0.232500
0 0.380625 0.615625 0.253750 0.276250
0 0.599375 0.136875 0.221250 0.218750
0 0.148125 0.338125 0.223750 0.236250
0 0.856875 0.854375 0.248750 0.261250
0 0.385000 0.871875 0.247500 0.246250
0 0.808750 0.328125 0.245000 0.268750
0 0.143750 0.865000 0.245000 0.270000
0 0.143125 0.583750 0.228750 0.280000
0 0.591250 0.366250 0.232500 0.255000
0 0.372500 0.351250 0.225000 0.245000
0 0.844375 0.592500 0.251250 0.267500
0 0.376875 0.116875 0.233750 0.226250
0 0.818125 0.121250 0.213750 0.207500
