0 0.716250 0.222414 0.077500 0.100000
0 0.618750 0.534483 0.097500 0.124138
0 0.290000 0.398276 0.080000 0.093103
0 0.383750 0.663793 0.107500 0.148276
0 0.840000 0.608621 0.095000 0.127586
0 0.801250 0.772414 0.117500 0.137931
0 0.067500 0.400000 0.080000 0.110345
0 0.708750 0.508621 0.092500 0.127586
0 0.347500 0.862069 0.115000 0.144828
0 0.705000 0.658621 0.105000 0.151724
0 0.052500 0.755172 0.100000 0.158621
0 0.573750 0.315517 0.077500 0.100000
0 0.761250 0.356897 0.077500 0.100000
0 0.957500 0.636207 0.085000 0.141379
0 0.283750 0.618966 0.087500 0.134483
0 0.553750 0.605172 0.092500 0.120690
0 0.876250 0.481034 0.112500 0.120690
0 0.201250 0.570690 0.102500 0.141379
0 0.250000 0.784483 0.130000 0.155172
0 0.622500 0.415517 0.090000 0.113793
0 0.896250 0.755172 0.102500 0.124138
0 0.637500 0.789655 0.120000 0.151724
0 0.523750 0.674138 0.102500 0.141379
0 0.135000 0.818966 0.095000 0.141379
0 0.357500 0.508621 0.090000 0.100000
0 0.508750 0.786207 0.107500 0.151724
0 0.053750 0.546552 0.087500 0.134483
0 0.471250 0.339655 0.077500 0.100000
0 0.810000 0.539655 0.085000 0.086207
