0 0.790000 0.648125 0.197500 0.176250
0 0.124375 0.308125 0.233750 0.186250
0 0.283125 0.181875 0.218750 0.173750
0 0.280625 0.179375 0.218750 0.173750
0 0.589375 0.618125 0.218750 0.171250
0 0.310000 0.893750 0.250000 0.200000
0 0.357500 0.541250 0.260000 0.205000
0 0.568750 0.446875 0.252500 0.198750
0 0.913125 0.261875 0.171250 0.146250
0 0.405625 0.725000 0.216250 0.172500
0 0.863125 0.886250 0.261250 0.212500
0 0.776250 0.371875 0.220000 0.183750
0 0.358125 0.356875 0.241250 0.173750
0 0.121875 0.779375 0.238750 0.226250
0 0.563750 0.274375 0.220000 0.183750
0 0.681875 0.164375 0.191250 0.168750
0 0.608750 0.896250 0.252500 0.192500
0 0.497500 0.170000 0.165000 0.105000
