0 0.425625 0.264071 0.211250 0.175422
0 0.388125 0.421670 0.253750 0.196060
0 0.866875 0.332552 0.228750 0.160413
0 0.165000 0.440901 0.240000 0.178236
0 0.321250 0.818011 0.247500 0.212008
0 0.801250 0.887430 0.277500 0.213884
0 0.415625 0.081614 0.206250 0.161351
0 0.629375 0.665572 0.253750 0.196060
0 0.750625 0.078330 0.241250 0.151032
0 0.101875 0.828330 0.201250 0.225141
0 0.375625 0.608349 0.253750 0.196060
0 0.229375 0.286585 0.228750 0.160413
0 0.613125 0.477955 0.253750 0.196060
0 0.132500 0.628518 0.257500 0.202627
0 0.858750 0.503283 0.282500 0.212946
0 0.545000 0.865385 0.270000 0.237336
0 0.260625 0.133208 0.218750 0.174484
0 0.554375 0.130863 0.241250 0.181051
0 0.645625 0.284709 0.253750 0.196060
0 0.871875 0.153846 0.256250 0.204503
