0 0.546014 0.630859 0.195193 0.296094
0 0.160903 0.148828 0.202227 0.257031
0 0.355803 0.157031 0.173505 0.240625
0 0.696073 0.423828 0.171747 0.235156
0 0.376612 0.714063 0.209261 0.292187
0 0.386577 0.448438 0.181125 0.264063
0 0.535463 0.373047 0.171747 0.235156
0 0.516120 0.134375 0.175264 0.267188
0 0.882181 0.673438 0.208675 0.289062
0 0.099941 0.647266 0.198710 0.247656
0 0.263482 0.309375 0.202227 0.256250
0 0.860199 0.126562 0.222157 0.251563
0 0.100821 0.399219 0.200469 0.265625
0 0.707503 0.683984 0.180539 0.283594
0 0.232708 0.575391 0.202814 0.250781
0 0.861372 0.391406 0.213951 0.285938
0 0.677315 0.175000 0.175264 0.267188
