0 0.548900 0.077474 0.184606 0.119358
0 0.576100 0.333116 0.304977 0.230469
0 0.369792 0.139540 0.254630 0.225260
0 0.389178 0.468967 0.304977 0.230469
0 0.421296 0.684028 0.303241 0.227431
0 0.160880 0.418837 0.262731 0.220486
0 0.135127 0.205946 0.269097 0.249566
0 0.791377 0.829210 0.350116 0.294705
0 0.495081 0.886936 0.366319 0.217448
0 0.571181 0.192925 0.230324 0.135851
0 0.725405 0.167752 0.193866 0.181858
0 0.892650 0.580729 0.214699 0.220486
0 0.283275 0.793403 0.212384 0.233507
0 0.840567 0.387804 0.302662 0.228733
0 0.647280 0.547960 0.304977 0.230469
0 0.220486 0.595920 0.214120 0.171007
