0 0.228125 0.828750 0.183750 0.157500
0 0.125625 0.577500 0.118750 0.105000
0 0.335625 0.653125 0.126250 0.098750
0 0.284375 0.523750 0.108750 0.082500
0 0.196250 0.726250 0.170000 0.125000
0 0.460000 0.599375 0.130000 0.103750
0 0.080000 0.918125 0.150000 0.163750
0 0.894375 0.629375 0.121250 0.098750
0 0.528750 0.926875 0.192500 0.143750
0 0.650000 0.601875 0.130000 0.103750
0 0.733125 0.591875 0.096250 0.101250
0 0.556250 0.520625 0.087500 0.071250
0 0.116875 0.502500 0.101250 0.057500
0 0.073750 0.804375 0.137500 0.118750
0 0.263125 0.578750 0.116250 0.110000
0 0.667500 0.708125 0.137500 0.138750
0 0.198125 0.618750 0.148750 0.120000
0 0.456250 0.768125 0.170000 0.143750
0 0.503125 0.495000 0.091250 0.077500
0 0.257500 0.935625 0.210000 0.116250
0 0.845625 0.515625 0.093750 0.083750
0 0.731250 0.819375 0.130000 0.201250
0 0.850000 0.901250 0.190000 0.175000
0 0.065000 0.685000 0.122500 0.122500
