0 0.477295 0.712451 0.059082 0.082345
0 0.352295 0.621542 0.063965 0.087615
0 0.877686 0.819499 0.072754 0.090909
0 0.557861 0.308630 0.049316 0.057312
0 0.181885 0.472332 0.071777 0.084321
0 0.048828 0.846838 0.076172 0.098155
0 0.404785 0.934783 0.074219 0.098814
0 0.398926 0.846179 0.070312 0.094203
0 0.132324 0.749012 0.087891 0.109354
0 0.154297 0.549407 0.077148 0.079051
0 0.280762 0.943676 0.070312 0.094203
0 0.613037 0.850791 0.072754 0.095520
0 0.123535 0.955204 0.105469 0.089592
0 0.467529 0.289855 0.050293 0.063241
0 0.925049 0.434783 0.045410 0.056653
0 0.346924 0.439065 0.078613 0.092885
0 0.377686 0.562253 0.057129 0.069170
0 0.698486 0.257576 0.043457 0.055336
0 0.941406 0.749341 0.065430 0.095520
0 0.469482 0.631423 0.059082 0.082345
0 0.408691 0.512516 0.062500 0.083004
0 0.764160 0.273386 0.048828 0.060606
0 0.973389 0.557642 0.043457 0.063900
0 0.479736 0.799407 0.063965 0.099473
0 0.681885 0.520751 0.062988 0.078393
0 0.682129 0.792819 0.075195 0.086298
0 0.763916 0.657444 0.056152 0.079051
0 0.695312 0.709486 0.063477 0.085639
0 0.290527 0.479578 0.062500 0.083004
0 0.377441 0.306983 0.046875 0.067194
0 0.815918 0.367589 0.047852 0.067194
0 0.907471 0.561924 0.053223 0.065876
0 0.038330 0.944335 0.075684 0.098155
0 0.208496 0.725296 0.077148 0.093544
0 0.123291 0.373847 0.057129 0.062582
0 0.300781 0.696311 0.077148 0.093544
0 0.820557 0.485178 0.050293 0.073123
0 0.907959 0.680501 0.056152 0.079051
0 0.411377 0.635375 0.059082 0.082345
0 0.635986 0.677207 0.058105 0.083004
0 0.770020 0.884717 0.076172 0.083004
0 0.888428 0.410408 0.045410 0.056653
0 0.125244 0.512846 0.065918 0.083663
0 0.475342 0.920949 0.062988 0.109354
0 0.784668 0.762516 0.062500 0.079710
0 0.479004 0.405797 0.048828 0.060606
0 0.053711 0.747694 0.086914 0.106719
0 0.410889 0.353755 0.050293 0.063241
0 0.571289 0.537549 0.061523 0.071146
0 0.516357 0.666008 0.058105 0.083004
0 0.568848 0.408762 0.058594 0.070487
0 0.421143 0.709486 0.064941 0.086957
0 0.175537 0.659091 0.070801 0.090250
0 0.266846 0.869565 0.080566 0.104084
0 0.206787 0.928854 0.076660 0.105402
0 0.735596 0.778327 0.070801 0.086298
0 0.951172 0.606719 0.057617 0.065876
0 0.308105 0.789526 0.070312 0.094203
0 0.175537 0.378129 0.053223 0.080369
0 0.572998 0.800066 0.063965 0.099473
0 0.764893 0.953887 0.072754 0.090909
0 0.207764 0.930171 0.076660 0.105402
0 0.726074 0.431818 0.056641 0.062582
0 0.248291 0.650198 0.077637 0.094862
0 0.499756 0.323452 0.050293 0.063241
0 0.239502 0.792161 0.073730 0.084980
0 0.051758 0.523715 0.075195 0.072464
0 0.858398 0.562582 0.057617 0.068511
0 0.905518 0.500659 0.060059 0.065876
0 0.506836 0.534914 0.055664 0.072464
0 0.519531 0.434453 0.052734 0.063900
0 0.762695 0.326746 0.048828 0.060606
0 0.978271 0.485837 0.043457 0.063900
0 0.772949 0.464097 0.056641 0.062582
0 0.802002 0.611989 0.056152 0.079051
0 0.761475 0.521410 0.053223 0.065217
0 0.582275 0.702240 0.058105 0.083004
0 0.848145 0.754611 0.062500 0.079710
0 0.037354 0.412714 0.057129 0.062582
0 0.950195 0.669302 0.057617 0.065876
0 0.322510 0.376153 0.050293 0.063241
0 0.358154 0.710145 0.064941 0.086957
0 0.842529 0.951910 0.072754 0.090909
0 0.842041 0.657444 0.056152 0.079051
0 0.062500 0.646904 0.086914 0.106719
0 0.564209 0.931818 0.072754 0.107378
0 0.623047 0.952240 0.059570 0.094203
0 0.602051 0.490119 0.051758 0.067194
0 0.857666 0.438076 0.053223 0.065876
0 0.650146 0.459486 0.058105 0.067852
0 0.342529 0.510211 0.058105 0.079710
0 0.125000 0.854743 0.092773 0.115283
0 0.250244 0.359025 0.057129 0.051383
0 0.243408 0.427207 0.078613 0.092885
0 0.709229 0.877800 0.070801 0.086298
0 0.329590 0.317194 0.051758 0.053360
0 0.730957 0.376482 0.056641 0.062582
0 0.621582 0.366271 0.048828 0.060606
0 0.369873 0.792490 0.064941 0.086957
0 0.082275 0.424572 0.062988 0.063900
0 0.712402 0.310935 0.048828 0.060606
0 0.664551 0.303030 0.048828 0.060606
