0 0.204301 0.910798 0.153226 0.173709
0 0.810484 0.760563 0.137097 0.258216
0 0.539651 0.752347 0.146505 0.274648
0 0.235887 0.454225 0.138441 0.241784
0 0.096774 0.131455 0.072581 0.154930
0 0.560484 0.046948 0.120968 0.070423
0 0.713710 0.537559 0.147849 0.258216
0 0.346102 0.674883 0.143817 0.260563
0 0.454973 0.532864 0.135753 0.239437
0 0.437500 0.062207 0.127688 0.115023
0 0.041667 0.450704 0.072581 0.103286
0 0.830645 0.542254 0.104839 0.192488
0 0.649194 0.693662 0.139785 0.251174
0 0.825941 0.368545 0.130376 0.211268
0 0.215726 0.738263 0.122312 0.185446
0 0.553091 0.339202 0.141129 0.147887
0 0.565188 0.492958 0.151882 0.267606
0 0.371640 0.341549 0.133065 0.227700
0 0.717070 0.366197 0.098118 0.131455
0 0.382392 0.910798 0.159946 0.173709
0 0.044355 0.593897 0.083333 0.187793
