0 0.385887 0.728898 0.086290 0.118741
0 0.236694 0.635908 0.083065 0.113019
0 0.193145 0.920601 0.121774 0.153076
0 0.181855 0.604435 0.075000 0.113019
0 0.232258 0.542918 0.072581 0.075823
0 0.181452 0.249642 0.166129 0.287554
0 0.348790 0.570815 0.073387 0.097282
0 0.472177 0.873391 0.125000 0.178827
0 0.502823 0.535050 0.060484 0.091559
0 0.541532 0.566524 0.065323 0.085837
0 0.920968 0.854793 0.087097 0.118741
0 0.102016 0.856223 0.121774 0.153076
0 0.756048 0.874106 0.068548 0.125894
0 0.827016 0.832618 0.092742 0.111588
0 0.309274 0.923462 0.121774 0.153076
0 0.606048 0.669528 0.086290 0.128755
0 0.681855 0.634478 0.079839 0.144492
0 0.194355 0.763948 0.091935 0.137339
0 0.663710 0.907725 0.083871 0.167382
0 0.666129 0.657368 0.070968 0.127325
0 0.472984 0.667382 0.089516 0.124464
0 0.777823 0.702432 0.086290 0.128755
0 0.749597 0.954220 0.108871 0.085837
0 0.619355 0.802575 0.095161 0.174535
0 0.292339 0.691702 0.102419 0.153076
0 0.743145 0.555079 0.065323 0.085837
0 0.086290 0.742489 0.093548 0.120172
0 0.845161 0.925608 0.096774 0.137339
