0 0.265046 0.967014 0.084491 0.065972
0 0.557002 0.851345 0.111690 0.101128
0 0.894387 0.476780 0.080440 0.062934
0 0.908854 0.313368 0.082755 0.069444
0 0.790799 0.883247 0.067708 0.069444
0 0.875868 0.342448 0.060764 0.040799
0 0.885127 0.332465 0.081597 0.061632
0 0.286748 0.516927 0.110532 0.091146
0 0.590278 0.303385 0.173611 0.136285
0 0.522859 0.721137 0.108218 0.092448
0 0.631076 0.093967 0.082755 0.117622
0 0.158275 0.386502 0.109375 0.086372
0 0.951968 0.196832 0.083333 0.076823
0 0.421875 0.086806 0.164352 0.154514
0 0.670428 0.607422 0.108218 0.111545
0 0.565683 0.098524 0.132523 0.120660
0 0.961806 0.490885 0.074074 0.056424
0 0.387731 0.360460 0.159722 0.127170
0 0.175926 0.731120 0.070602 0.058594
0 0.101852 0.940104 0.052083 0.042535
0 0.885127 0.683160 0.030671 0.026042
0 0.809028 0.475911 0.059028 0.048177
