0 0.533292 0.942555 0.162990 0.109988
0 0.363154 0.440104 0.121732 0.092831
0 0.521855 0.569853 0.132761 0.068627
0 0.641340 0.371324 0.101307 0.066176
0 0.412173 0.830116 0.178922 0.157782
0 0.453636 0.327053 0.109069 0.078125
0 0.205065 0.951440 0.191993 0.097120
0 0.929126 0.734528 0.129493 0.103248
0 0.836193 0.387255 0.101307 0.066176
0 0.115809 0.431219 0.140114 0.093444
0 0.186275 0.291667 0.119281 0.079657
0 0.383783 0.576440 0.135212 0.063419
0 0.455065 0.515778 0.141340 0.089154
0 0.849673 0.928156 0.183824 0.138174
0 0.371324 0.950980 0.178105 0.098039
0 0.300041 0.320006 0.109069 0.078125
0 0.607639 0.473346 0.116422 0.085784
0 0.264297 0.494485 0.142157 0.101103
0 0.107026 0.867647 0.210784 0.163603
0 0.788807 0.791820 0.162582 0.136336
0 0.643178 0.746170 0.129493 0.110600
0 0.556168 0.835631 0.132761 0.125306
0 0.058007 0.507047 0.115196 0.101103
0 0.680351 0.462776 0.101716 0.079963
0 0.519404 0.398131 0.109069 0.078125
0 0.753472 0.544577 0.121324 0.081801
0 0.861520 0.483150 0.119281 0.073529
0 0.196283 0.568781 0.171160 0.078125
0 0.275123 0.838542 0.145833 0.142157
