0 0.112558 0.275391 0.223958 0.200087
0 0.438947 0.620877 0.193866 0.159288
0 0.598958 0.589193 0.174769 0.143663
0 0.344907 0.078559 0.283565 0.156250
0 0.806424 0.446615 0.251736 0.164062
0 0.796586 0.832899 0.317708 0.220486
0 0.790509 0.616102 0.287037 0.201823
0 0.390046 0.447266 0.296296 0.219184
0 0.600405 0.258681 0.218171 0.183160
0 0.389178 0.290799 0.220486 0.159722
0 0.214410 0.162543 0.218171 0.171441
0 0.567998 0.934245 0.237847 0.126302
0 0.566551 0.740451 0.210648 0.171007
0 0.586227 0.435330 0.189815 0.171875
0 0.210648 0.607639 0.307870 0.223958
0 0.359086 0.802300 0.278356 0.226128
0 0.197627 0.417752 0.174190 0.161892
