0 0.377930 0.837500 0.111328 0.148684
0 0.100586 0.683553 0.111328 0.148684
0 0.873047 0.673026 0.134766 0.177632
0 0.237305 0.669079 0.111328 0.148684
0 0.246094 0.840132 0.111328 0.148684
0 0.100586 0.484868 0.119141 0.135526
0 0.721680 0.682237 0.126953 0.177632
0 0.724121 0.871711 0.131836 0.185526
0 0.870117 0.084211 0.132812 0.165789
0 0.376953 0.656579 0.123047 0.160526
0 0.564453 0.688158 0.123047 0.160526
0 0.575195 0.272368 0.123047 0.160526
0 0.563477 0.880263 0.123047 0.160526
0 0.094727 0.301974 0.119141 0.135526
0 0.371094 0.310526 0.123047 0.160526
0 0.571289 0.100000 0.123047 0.160526
0 0.874023 0.865789 0.130859 0.160526
0 0.721680 0.478947 0.123047 0.160526
0 0.875977 0.290789 0.134766 0.189474
0 0.367188 0.478947 0.123047 0.160526
0 0.232422 0.136842 0.123047 0.160526
0 0.094727 0.140132 0.119141 0.135526
0 0.566406 0.468421 0.123047 0.160526
0 0.107422 0.851316 0.119141 0.155263
0 0.366211 0.125000 0.123047 0.160526
0 0.869141 0.477632 0.123047 0.160526
0 0.725586 0.100000 0.123047 0.160526
0 0.234375 0.307895 0.123047 0.160526
0 0.724609 0.272368 0.123047 0.160526
