0 0.941406 0.878255 0.117188 0.240885
0 0.772949 0.727865 0.293945 0.398438
0 0.169434 0.236328 0.268555 0.363281
0 0.912598 0.333984 0.168945 0.313802
0 0.949707 0.098958 0.092773 0.192708
0 0.422363 0.151042 0.266602 0.294271
0 0.471191 0.423828 0.241211 0.319010
0 0.204590 0.639323 0.291992 0.390625
0 0.624512 0.151693 0.149414 0.290365
0 0.467773 0.720052 0.279297 0.354167
0 0.369629 0.919271 0.290039 0.153646
0 0.708008 0.395182 0.291016 0.339844
0 0.070312 0.381510 0.138672 0.382812
0 0.120605 0.898438 0.237305 0.190104
0 0.782715 0.129557 0.272461 0.256510
