0 0.103250 0.966622 0.202677 0.066756
0 0.777247 0.512684 0.319312 0.240320
0 0.440727 0.934579 0.231358 0.128171
0 0.310707 0.355808 0.277247 0.225634
0 0.574570 0.362483 0.365201 0.276368
0 0.534417 0.808411 0.292543 0.177570
0 0.740918 0.753672 0.200765 0.190921
0 0.642447 0.120828 0.374761 0.238985
0 0.663480 0.968625 0.233270 0.062750
0 0.255258 0.843124 0.189293 0.145527
0 0.109943 0.069426 0.216061 0.136182
0 0.776291 0.282377 0.206501 0.228304
0 0.470363 0.599466 0.355641 0.264352
0 0.196941 0.722964 0.210325 0.150868
0 0.067878 0.656876 0.131931 0.176235
0 0.141491 0.228304 0.187380 0.144192
0 0.092734 0.830441 0.181644 0.160214
