0 0.480000 0.615506 0.120000 0.136076
0 0.202500 0.507911 0.125000 0.142405
0 0.975000 0.626582 0.045000 0.120253
0 0.672500 0.688291 0.130000 0.148734
0 0.277500 0.691456 0.120000 0.136076
0 0.760000 0.887658 0.120000 0.136076
0 0.951250 0.849684 0.092500 0.110759
0 0.375000 0.821203 0.130000 0.148734
0 0.233750 0.919304 0.147500 0.142405
0 0.535000 0.922468 0.120000 0.136076
0 0.567500 0.821203 0.130000 0.148734
0 0.092500 0.566456 0.145000 0.132911
0 0.092500 0.650316 0.115000 0.110759
0 0.086250 0.756329 0.127500 0.158228
