0 0.520000 0.278428 0.164444 0.202341
0 0.151667 0.847826 0.183333 0.230769
0 0.070556 0.122910 0.127778 0.185619
0 0.339444 0.856187 0.181111 0.267559
0 0.377778 0.214047 0.142222 0.230769
0 0.670556 0.922241 0.132222 0.148829
0 0.583889 0.112040 0.125556 0.200669
0 0.552222 0.475753 0.160000 0.242475
0 0.368333 0.056856 0.063333 0.110368
0 0.112778 0.650502 0.190000 0.237458
0 0.775000 0.849498 0.190000 0.267559
0 0.397778 0.433110 0.160000 0.217391
0 0.932778 0.881271 0.132222 0.230769
0 0.457778 0.090301 0.144444 0.177258
0 0.790556 0.095318 0.116667 0.177258
0 0.029444 0.540134 0.056667 0.214047
0 0.444444 0.644649 0.155556 0.245819
0 0.540556 0.821906 0.172222 0.255853
0 0.708889 0.061873 0.135556 0.120401
0 0.915556 0.090301 0.142222 0.177258
0 0.653889 0.662207 0.174444 0.264214
0 0.297222 0.625418 0.145556 0.247492
0 0.709444 0.432274 0.154444 0.232441
0 0.885556 0.449833 0.184444 0.240803
0 0.261111 0.389632 0.144444 0.240803
0 0.279444 0.102843 0.118889 0.188963
0 0.110556 0.412207 0.167778 0.225753
0 0.683333 0.252508 0.164444 0.197324
