0 0.486919 0.717724 0.161337 0.245077
0 0.356831 0.513676 0.135174 0.213348
0 0.125727 0.379103 0.146802 0.233042
0 0.610828 0.584245 0.153343 0.256018
0 0.756541 0.497265 0.145349 0.246171
0 0.801962 0.209519 0.127180 0.123632
0 0.148256 0.815098 0.133721 0.199125
0 0.520349 0.495077 0.132267 0.189278
0 0.884811 0.682713 0.111192 0.177243
0 0.911337 0.292670 0.171512 0.300875
0 0.109012 0.622538 0.152616 0.238512
0 0.682413 0.103939 0.156977 0.205689
0 0.563227 0.345733 0.088663 0.107221
0 0.251453 0.256018 0.138081 0.212254
