0 0.693889 0.530000 0.192222 0.186667
0 0.549444 0.357500 0.161111 0.255000
0 0.407222 0.664167 0.201111 0.251667
0 0.895000 0.624167 0.210000 0.271667
0 0.555000 0.684167 0.121111 0.151667
0 0.373889 0.865000 0.178889 0.166667
0 0.502222 0.497500 0.188889 0.221667
0 0.634444 0.251667 0.142222 0.183333
0 0.232778 0.748333 0.181111 0.300000
0 0.701667 0.425000 0.190000 0.200000
0 0.867778 0.475000 0.168889 0.166667
0 0.533889 0.851667 0.156667 0.183333
0 0.698333 0.733333 0.203333 0.323333
0 0.928889 0.816667 0.140000 0.236667
