0 0.744167 0.115957 0.101667 0.125532
0 0.529167 0.413830 0.205000 0.261702
0 0.200833 0.343617 0.155000 0.206383
0 0.436667 0.804255 0.243333 0.293617
0 0.065833 0.873404 0.128333 0.159574
0 0.896667 0.153191 0.206667 0.302128
0 0.660000 0.627660 0.236667 0.289362
0 0.602500 0.134043 0.211667 0.263830
0 0.085833 0.412766 0.168333 0.255319
0 0.243333 0.658511 0.246667 0.304255
0 0.090000 0.161702 0.176667 0.280851
0 0.965833 0.357447 0.065000 0.225532
0 0.745833 0.313830 0.238333 0.295745
0 0.349167 0.362766 0.205000 0.261702
0 0.402500 0.138298 0.205000 0.272340
0 0.775000 0.836170 0.233333 0.229787
0 0.065833 0.664894 0.128333 0.257447
0 0.840000 0.517021 0.213333 0.234043
