0 0.910938 0.535119 0.112500 0.043020
0 0.414844 0.915716 0.170313 0.098332
0 0.166406 0.662423 0.145313 0.065847
0 0.268750 0.606673 0.121875 0.061457
0 0.399219 0.535558 0.107813 0.052678
0 0.939063 0.482441 0.115625 0.064091
0 0.787500 0.456980 0.106250 0.037752
0 0.114844 0.733099 0.157813 0.071993
0 0.850781 0.512291 0.095313 0.051800
0 0.490625 0.826602 0.159375 0.097454
0 0.301563 0.516681 0.106250 0.046532
0 0.642188 0.837138 0.146875 0.083406
0 0.146094 0.508341 0.117188 0.056190
0 0.316406 0.681299 0.157813 0.071993
0 0.679688 0.621159 0.134375 0.062335
0 0.642188 0.683494 0.143750 0.065847
0 0.550781 0.488147 0.107813 0.052678
0 0.638281 0.913960 0.167188 0.080773
0 0.342969 0.733099 0.160938 0.086040
0 0.828906 0.676910 0.135938 0.071993
0 0.600781 0.420983 0.085938 0.041264
0 0.492969 0.707638 0.139063 0.070237
0 0.600781 0.753292 0.160938 0.086040
0 0.846094 0.747147 0.148438 0.073749
0 0.950000 0.852502 0.100000 0.112379
0 0.458594 0.410009 0.095313 0.050922
0 0.370313 0.589113 0.125000 0.059701
0 0.590625 0.557946 0.115625 0.064091
0 0.757031 0.785777 0.167188 0.071993
0 0.061719 0.641352 0.120313 0.076383
0 0.130469 0.800702 0.160938 0.086040
0 0.810156 0.622037 0.132812 0.048288
0 0.320312 0.844162 0.159375 0.097454
0 0.366406 0.477612 0.110938 0.054434
0 0.911719 0.575066 0.107813 0.050922
0 0.806250 0.857770 0.184375 0.093064
0 0.719531 0.523705 0.104688 0.051800
0 0.696094 0.564969 0.098438 0.050044
0 0.167969 0.876207 0.160938 0.086040
0 0.738281 0.479807 0.101562 0.043020
