0 0.964444 0.304861 0.064444 0.084722
0 0.380000 0.354861 0.048889 0.068056
0 0.723333 0.582639 0.066667 0.076389
0 0.172222 0.401389 0.093333 0.111111
0 0.618333 0.241667 0.054444 0.061111
0 0.759444 0.754861 0.074444 0.090278
0 0.405556 0.441667 0.048889 0.069444
0 0.669444 0.793056 0.074444 0.097222
0 0.597222 0.797222 0.074444 0.097222
0 0.190556 0.422917 0.054444 0.065278
0 0.750000 0.246528 0.060000 0.073611
0 0.269444 0.283333 0.063333 0.072222
0 0.627222 0.156250 0.078889 0.104167
0 0.282778 0.277083 0.038889 0.056944
0 0.888889 0.336111 0.071111 0.088889
0 0.151111 0.621528 0.051111 0.059722
0 0.070556 0.353472 0.056667 0.070833
0 0.716111 0.665972 0.072222 0.090278
0 0.073333 0.529167 0.055556 0.072222
0 0.435556 0.108333 0.071111 0.055556
0 0.808333 0.270139 0.067778 0.087500
0 0.571111 0.235417 0.055556 0.062500
0 0.500556 0.327083 0.061111 0.081944
0 0.805556 0.591667 0.075556 0.088889
0 0.789444 0.144444 0.070000 0.080556
0 0.589444 0.397222 0.067778 0.080556
0 0.157778 0.386111 0.064444 0.075000
