0 0.175521 0.098438 0.219792 0.165625
0 0.942187 0.239453 0.113542 0.175781
0 0.582292 0.794922 0.279167 0.216406
0 0.639583 0.048828 0.162500 0.096094
0 0.118750 0.337109 0.235417 0.210156
0 0.576042 0.620313 0.189583 0.179688
0 0.714583 0.257812 0.272917 0.204688
0 0.675000 0.454297 0.231250 0.186719
0 0.108333 0.710938 0.214583 0.179688
0 0.308854 0.224219 0.240625 0.178125
0 0.361458 0.627344 0.277083 0.204688
0 0.776563 0.709375 0.223958 0.187500
0 0.300000 0.820312 0.314583 0.232813
0 0.888021 0.424219 0.223958 0.203125
0 0.250000 0.455078 0.260417 0.188281
0 0.050000 0.556641 0.097917 0.150781
0 0.459896 0.383203 0.230208 0.175781
0 0.478125 0.104297 0.204167 0.153906
0 0.798958 0.076172 0.227083 0.150781
