0 0.224537 0.883681 0.317593 0.217361
0 0.734259 0.715625 0.244444 0.167361
0 0.140741 0.523611 0.262963 0.200000
0 0.704630 0.328472 0.227778 0.177778
0 0.139815 0.227431 0.181481 0.100694
0 0.909259 0.857292 0.177778 0.203472
0 0.391204 0.559375 0.319444 0.234028
0 0.909259 0.648264 0.181481 0.227083
0 0.195370 0.339236 0.294444 0.239583
0 0.489815 0.372569 0.287037 0.214583
0 0.201852 0.710764 0.266667 0.189583
0 0.736111 0.891319 0.316667 0.213194
0 0.889352 0.411458 0.221296 0.200694
0 0.559722 0.172222 0.260185 0.202778
0 0.735185 0.535764 0.237037 0.195139
0 0.293056 0.131944 0.275000 0.247222
0 0.468981 0.769097 0.293519 0.225694
