0 0.133077 0.390000 0.044615 0.038462
0 0.271538 0.625385 0.041538 0.047692
0 0.156154 0.670769 0.056923 0.061538
0 0.406923 0.424615 0.035385 0.049231
0 0.637692 0.460000 0.029231 0.036923
0 0.104615 0.513846 0.049231 0.046154
0 0.683077 0.509231 0.040000 0.043077
0 0.410769 0.480000 0.040000 0.049231
0 0.698462 0.561538 0.033846 0.043077
0 0.220000 0.393846 0.043077 0.049231
0 0.495385 0.403077 0.030769 0.033846
0 0.760769 0.609231 0.035385 0.043077
0 0.111538 0.650769 0.056923 0.061538
0 0.318462 0.336154 0.046154 0.047692
0 0.300769 0.694615 0.041538 0.047692
0 0.503846 0.490769 0.029231 0.036923
0 0.585385 0.591538 0.032308 0.035385
0 0.213077 0.496154 0.041538 0.041538
0 0.595385 0.479231 0.033846 0.038462
0 0.139231 0.330769 0.053846 0.055385
0 0.184615 0.600769 0.052308 0.050769
