0 0.644543 0.475138 0.150442 0.112707
0 0.425516 0.938122 0.160767 0.117127
0 0.478614 0.537569 0.172566 0.118232
0 0.681416 0.342541 0.162242 0.137017
0 0.396755 0.423204 0.147493 0.101657
0 0.491888 0.651381 0.187316 0.140331
0 0.940265 0.648619 0.116519 0.132597
0 0.179941 0.685083 0.162242 0.123757
0 0.364307 0.243094 0.138643 0.083978
0 0.901917 0.914365 0.193215 0.153591
0 0.109145 0.230939 0.115044 0.075138
0 0.319322 0.597238 0.166667 0.118232
0 0.300147 0.334807 0.137168 0.121547
0 0.117994 0.870166 0.179941 0.140331
0 0.088496 0.171823 0.147493 0.087293
0 0.289823 0.919337 0.190265 0.141436
0 0.398968 0.153039 0.146018 0.102762
0 0.724926 0.192265 0.148968 0.125967
0 0.873894 0.802762 0.119469 0.127072
0 0.579646 0.746409 0.156342 0.129282
0 0.533186 0.301657 0.148968 0.121547
0 0.623156 0.588950 0.143068 0.125967
0 0.327434 0.708287 0.162242 0.121547
0 0.090708 0.324309 0.087021 0.098343
0 0.225664 0.500552 0.147493 0.103867
0 0.953540 0.786740 0.089971 0.148066
