0 0.424359 0.416667 0.187179 0.182051
0 0.820513 0.111538 0.158974 0.120513
0 0.073077 0.297436 0.141026 0.138462
0 0.821795 0.856410 0.253846 0.256410
0 0.139744 0.434615 0.197436 0.171795
0 0.334615 0.083333 0.171795 0.156410
0 0.153846 0.123077 0.169231 0.169231
0 0.598718 0.288462 0.187179 0.182051
0 0.270513 0.841026 0.223077 0.271795
0 0.443590 0.897436 0.251282 0.205128
0 0.453846 0.694872 0.230769 0.194872
0 0.415385 0.176923 0.143590 0.138462
0 0.708974 0.647436 0.228205 0.217949
0 0.907692 0.602564 0.184615 0.210256
0 0.224359 0.288462 0.176923 0.176923
0 0.560256 0.514103 0.233333 0.212821
0 0.093590 0.761538 0.182051 0.215385
0 0.291026 0.530769 0.202564 0.220513
0 0.782051 0.457692 0.200000 0.197436
