0 0.855530 0.203248 0.212190 0.155399
0 0.902935 0.420105 0.194131 0.176471
0 0.124718 0.351185 0.206546 0.128183
0 0.184537 0.149693 0.235892 0.171203
0 0.626411 0.338455 0.212190 0.155399
0 0.392777 0.487270 0.279910 0.219491
0 0.156321 0.911326 0.251693 0.175593
0 0.598758 0.100527 0.181716 0.111501
0 0.902935 0.659789 0.194131 0.176471
0 0.342551 0.241001 0.181716 0.111501
0 0.376411 0.774363 0.265237 0.235294
0 0.659707 0.882353 0.353273 0.233538
0 0.926072 0.926251 0.147856 0.136962
0 0.650677 0.595259 0.251693 0.175593
0 0.119074 0.652766 0.235892 0.234416
