0 0.821094 0.197917 0.129688 0.145833
0 0.837500 0.607639 0.112500 0.173611
0 0.025000 0.962963 0.046875 0.074074
0 0.333594 0.421296 0.110938 0.171296
0 0.481250 0.619213 0.087500 0.150463
0 0.114063 0.721065 0.115625 0.182870
0 0.406250 0.627315 0.112500 0.162037
0 0.657813 0.228009 0.146875 0.233796
0 0.590625 0.393519 0.221875 0.347222
0 0.512500 0.171296 0.140625 0.245370
0 0.808594 0.414352 0.204688 0.333333
0 0.119531 0.589120 0.098438 0.108796
0 0.241406 0.372685 0.085938 0.129630
0 0.402344 0.325231 0.120313 0.187500
0 0.541406 0.906250 0.120313 0.168981
0 0.931250 0.059028 0.128125 0.113426
0 0.249219 0.615741 0.114063 0.166667
0 0.617969 0.067130 0.204688 0.129630
