0 0.931667 0.498750 0.046667 0.062500
0 0.152500 0.577500 0.048333 0.070000
0 0.337500 0.456250 0.055000 0.077500
0 0.353333 0.236250 0.040000 0.072500
0 0.605833 0.275000 0.055000 0.080000
0 0.795000 0.161250 0.056667 0.072500
0 0.883333 0.285000 0.043333 0.075000
0 0.897500 0.202500 0.058333 0.075000
0 0.466667 0.515000 0.053333 0.085000
0 0.205833 0.166250 0.045000 0.067500
0 0.134167 0.391250 0.051667 0.082500
0 0.900833 0.366250 0.051667 0.072500
0 0.084167 0.091250 0.051667 0.067500
0 0.248333 0.677500 0.053333 0.075000
0 0.647500 0.746250 0.041667 0.062500
0 0.910000 0.117500 0.063333 0.080000
0 0.522500 0.751250 0.041667 0.062500
0 0.819167 0.586250 0.055000 0.077500
0 0.458333 0.268750 0.060000 0.077500
0 0.699167 0.095000 0.048333 0.070000
0 0.860000 0.466250 0.043333 0.072500
0 0.310833 0.243750 0.048333 0.082500
0 0.276667 0.203750 0.050000 0.072500
0 0.079167 0.378750 0.048333 0.067500
0 0.933333 0.578750 0.046667 0.082500
0 0.613333 0.522500 0.050000 0.075000
0 0.977500 0.571250 0.035000 0.087500
0 0.170833 0.182500 0.051667 0.085000
0 0.478333 0.386250 0.056667 0.072500
0 0.580000 0.705000 0.050000 0.075000
0 0.897500 0.672500 0.048333 0.070000
0 0.793333 0.550000 0.046667 0.070000
0 0.857500 0.786250 0.045000 0.062500
0 0.842500 0.280000 0.055000 0.080000
0 0.054167 0.585000 0.058333 0.085000
0 0.655833 0.573750 0.051667 0.072500
0 0.974167 0.685000 0.051667 0.085000
0 0.228333 0.232500 0.053333 0.095000
0 0.610000 0.116250 0.056667 0.077500
0 0.850833 0.686250 0.055000 0.077500
0 0.957500 0.030000 0.045000 0.055000
0 0.505000 0.155000 0.073333 0.105000
0 0.200833 0.352500 0.048333 0.070000
0 0.817500 0.431250 0.051667 0.077500
0 0.340833 0.131250 0.038333 0.057500
