0 0.740365 0.928472 0.022917 0.036574
0 0.931120 0.637037 0.019010 0.034259
0 0.527344 0.729861 0.020313 0.030093
0 0.517448 0.358102 0.016667 0.027315
0 0.284375 0.678472 0.022917 0.041204
0 0.334115 0.982176 0.022396 0.035648
0 0.464714 0.302315 0.017969 0.028704
0 0.312760 0.725463 0.026042 0.043519
0 0.522786 0.772685 0.016927 0.026852
0 0.634245 0.453241 0.017448 0.028704
0 0.209766 0.461343 0.024219 0.041204
0 0.449349 0.459259 0.019010 0.027778
0 0.903776 0.903472 0.021615 0.035648
0 0.224219 0.925000 0.025000 0.038889
0 0.064062 0.964352 0.033333 0.052778
0 0.459115 0.396528 0.016667 0.027315
0 0.451953 0.278472 0.015365 0.025463
0 0.238542 0.643056 0.026042 0.043519
0 0.673047 0.438194 0.013802 0.026389
0 0.352344 0.698611 0.026042 0.043519
0 0.490755 0.784028 0.015885 0.031019
0 0.196224 0.509491 0.024219 0.041204
0 0.069141 0.792593 0.029948 0.052778
0 0.487109 0.249769 0.015365 0.025463
0 0.376693 0.329398 0.015365 0.025463
0 0.542188 0.744444 0.014063 0.028704
0 0.270703 0.417824 0.024219 0.041204
0 0.538542 0.700000 0.014063 0.028704
