0 0.347333 0.214413 0.084000 0.119217
0 0.848667 0.467972 0.044000 0.056940
0 0.926667 0.639680 0.037333 0.044484
0 0.446667 0.464413 0.066667 0.071174
0 0.858000 0.600534 0.046667 0.055160
0 0.797333 0.692171 0.040000 0.049822
0 0.891333 0.458185 0.052000 0.062278
0 0.974000 0.637011 0.036000 0.042705
0 0.921333 0.492883 0.040000 0.049822
0 0.350000 0.290036 0.073333 0.067616
0 0.544000 0.774911 0.066667 0.087189
0 0.380667 0.468861 0.062667 0.080071
0 0.474000 0.624555 0.057333 0.081851
0 0.446667 0.570285 0.064000 0.080071
0 0.799333 0.633452 0.046667 0.060498
