0 0.302344 0.540741 0.059896 0.105556
0 0.514323 0.094907 0.028646 0.041667
0 0.203906 0.157870 0.039062 0.062037
0 0.564844 0.922222 0.032813 0.055556
0 0.191146 0.609722 0.057292 0.104630
0 0.844271 0.500000 0.030208 0.066667
0 0.640365 0.202315 0.025521 0.052778
0 0.018490 0.197685 0.035937 0.084259
0 0.671615 0.408796 0.041146 0.097222
0 0.429948 0.156481 0.041146 0.050000
0 0.287240 0.354167 0.057812 0.106481
0 0.065885 0.531481 0.046354 0.079630
0 0.404948 0.118056 0.051562 0.071296
0 0.361979 0.722222 0.042708 0.072222
0 0.391927 0.225000 0.051562 0.103704
0 0.229948 0.041204 0.047396 0.080556
0 0.059635 0.843981 0.038021 0.065741
0 0.234896 0.165278 0.027083 0.058333
0 0.645052 0.087037 0.038021 0.072222
