0 0.832500 0.776875 0.080000 0.076250
0 0.170000 0.207500 0.077500 0.062500
0 0.260000 0.776875 0.072500 0.076250
0 0.898125 0.799375 0.078750 0.081250
0 0.862500 0.246875 0.080000 0.061250
0 0.866250 0.476875 0.085000 0.081250
0 0.795000 0.628125 0.080000 0.076250
0 0.768750 0.695000 0.082500 0.082500
0 0.180625 0.799375 0.081250 0.083750
0 0.221250 0.400000 0.077500 0.077500
0 0.896250 0.870000 0.080000 0.060000
0 0.916250 0.208125 0.082500 0.071250
0 0.797500 0.480625 0.067500 0.083750
0 0.182500 0.868125 0.082500 0.053750
0 0.180625 0.714375 0.058750 0.068750
0 0.900625 0.713750 0.056250 0.067500
0 0.213125 0.478125 0.083750 0.083750
0 0.856875 0.399375 0.076250 0.076250
0 0.169375 0.640000 0.058750 0.075000
0 0.293125 0.865625 0.058750 0.091250
0 0.315000 0.698125 0.080000 0.071250
0 0.288750 0.625625 0.080000 0.071250
0 0.785625 0.865625 0.058750 0.086250
0 0.217500 0.246875 0.080000 0.061250
0 0.243125 0.140625 0.073750 0.073750
