0 0.392500 0.340960 0.037000 0.027757
0 0.778500 0.617404 0.053000 0.039010
0 0.784500 0.740435 0.041000 0.027007
0 0.573500 0.178545 0.059000 0.040510
0 0.286000 0.699550 0.046000 0.036759
0 0.478000 0.310953 0.040000 0.027757
0 0.417500 0.348462 0.033000 0.029257
0 0.118000 0.208552 0.052000 0.045011
0 0.865500 0.719430 0.041000 0.027007
0 0.836500 0.159415 0.043000 0.033758
0 0.446500 0.710428 0.041000 0.027007
0 0.140000 0.192048 0.054000 0.040510
0 0.181000 0.489872 0.044000 0.030008
0 0.856500 0.084396 0.053000 0.041260
0 0.338500 0.748312 0.035000 0.032258
0 0.891000 0.182671 0.042000 0.030758
