0 0.787760 0.725098 0.078125 0.063477
0 0.474609 0.295410 0.084635 0.061523
0 0.550130 0.280273 0.069010 0.060547
0 0.721354 0.652344 0.065104 0.058594
0 0.548828 0.332031 0.050781 0.046875
0 0.759115 0.301758 0.044271 0.033203
0 0.225911 0.496094 0.074219 0.050781
0 0.149089 0.855957 0.095052 0.083008
0 0.703125 0.287598 0.044271 0.038086
0 0.781250 0.330078 0.041667 0.029297
0 0.658203 0.666992 0.095052 0.076172
0 0.588542 0.465332 0.070312 0.063477
0 0.195312 0.527344 0.083333 0.064453
0 0.357422 0.275391 0.061198 0.048828
0 0.419271 0.274902 0.065104 0.049805
0 0.820964 0.545410 0.035156 0.028320
0 0.146484 0.548828 0.076823 0.052734
0 0.042969 0.745117 0.083333 0.070312
0 0.397135 0.321777 0.070312 0.053711
0 0.741536 0.932617 0.050781 0.039062
0 0.778646 0.545898 0.036458 0.027344
0 0.496745 0.347656 0.069010 0.050781
