0 0.335449 0.296224 0.041992 0.050781
0 0.679688 0.317057 0.044922 0.053385
0 0.156738 0.593099 0.030273 0.042969
0 0.530762 0.305990 0.034180 0.052083
0 0.550781 0.334635 0.033203 0.049479
0 0.286621 0.532552 0.034180 0.044271
0 0.242188 0.189453 0.044922 0.053385
0 0.412598 0.254557 0.045898 0.053385
0 0.328125 0.678385 0.042969 0.054688
0 0.439453 0.442057 0.037109 0.048177
0 0.468262 0.334635 0.038086 0.046875
0 0.396973 0.466797 0.041992 0.050781
0 0.541992 0.779297 0.042969 0.055990
0 0.090332 0.458984 0.038086 0.045573
0 0.567871 0.762370 0.041992 0.050781
0 0.320801 0.224609 0.041992 0.055990
0 0.205078 0.662109 0.031250 0.040365
0 0.238281 0.092448 0.048828 0.059896
0 0.249512 0.669271 0.036133 0.049479
0 0.283203 0.206380 0.044922 0.053385
0 0.048340 0.542969 0.043945 0.054688
0 0.814453 0.393880 0.042969 0.053385
0 0.389160 0.815755 0.038086 0.050781
0 0.389160 0.536458 0.030273 0.046875
