0 0.636364 0.850088 0.088312 0.084656
0 0.631169 0.617284 0.124675 0.074074
0 0.562338 0.305996 0.101299 0.068783
0 0.458442 0.628748 0.085714 0.072310
0 0.563636 0.137566 0.103896 0.074074
0 0.537662 0.390653 0.103896 0.072310
0 0.477922 0.787478 0.109091 0.075838
0 0.670130 0.685185 0.109091 0.075838
0 0.477922 0.854497 0.119481 0.047619
0 0.584416 0.761023 0.109091 0.075838
0 0.532468 0.245150 0.114286 0.059965
0 0.474026 0.701940 0.070130 0.074074
0 0.487013 0.532628 0.111688 0.074074
0 0.454545 0.202822 0.114286 0.059965
0 0.527273 0.470899 0.119481 0.081129
