0 0.140972 0.796798 0.106944 0.189655
0 0.726389 0.194581 0.088889 0.152709
0 0.780556 0.067734 0.097222 0.130542
0 0.712500 0.383005 0.063889 0.140394
0 0.755556 0.337438 0.083333 0.137931
0 0.119444 0.300493 0.050000 0.073892
0 0.242361 0.862069 0.129167 0.211823
0 0.198611 0.108374 0.094444 0.167488
0 0.803472 0.439655 0.087500 0.110837
0 0.106250 0.231527 0.056944 0.103448
0 0.065278 0.121921 0.058333 0.110837
0 0.178472 0.369458 0.051389 0.083744
0 0.059028 0.593596 0.115278 0.182266
0 0.393750 0.722906 0.151389 0.243842
0 0.135417 0.192118 0.056944 0.098522
