0 0.411621 0.650391 0.043945 0.037760
0 0.785645 0.104818 0.069336 0.095052
0 0.645020 0.035156 0.063477 0.067708
0 0.336914 0.666016 0.042969 0.048177
0 0.576172 0.618490 0.035156 0.039062
0 0.895020 0.162760 0.077148 0.096354
0 0.490723 0.064453 0.036133 0.055990
0 0.293945 0.770833 0.048828 0.046875
0 0.376465 0.722005 0.055664 0.063802
0 0.297852 0.732422 0.041016 0.040365
0 0.242188 0.088542 0.044922 0.059896
0 0.615234 0.610677 0.041016 0.054688
0 0.613770 0.317057 0.067383 0.084635
0 0.327637 0.710938 0.043945 0.049479
0 0.371582 0.654948 0.038086 0.049479
0 0.573730 0.358073 0.059570 0.070312
0 0.252441 0.736328 0.051758 0.061198
0 0.565430 0.075521 0.060547 0.057292
0 0.674805 0.628255 0.050781 0.061198
0 0.454590 0.695964 0.045898 0.063802
0 0.402832 0.694010 0.053711 0.075521
0 0.538574 0.592448 0.040039 0.044271
0 0.477051 0.345052 0.026367 0.041667
0 0.140625 0.261068 0.031250 0.040365
