0 0.800000 0.266736 0.047059 0.085774
0 0.120588 0.262552 0.045882 0.085774
0 0.502353 0.579498 0.037647 0.062762
0 0.277647 0.782427 0.037647 0.062762
0 0.399412 0.039749 0.043529 0.075314
0 0.369412 0.474895 0.056471 0.096234
0 0.588235 0.428870 0.042353 0.075314
0 0.732941 0.682008 0.035294 0.066946
0 0.763529 0.824268 0.040000 0.071130
0 0.705294 0.360879 0.048235 0.052301
0 0.065294 0.279289 0.048235 0.085774
0 0.588824 0.357741 0.050588 0.075314
0 0.580588 0.515690 0.041176 0.069038
0 0.619412 0.223849 0.052941 0.096234
0 0.737647 0.579498 0.035294 0.066946
0 0.928824 0.451883 0.036471 0.062762
0 0.710000 0.414226 0.050588 0.079498
0 0.528235 0.330544 0.051765 0.079498
0 0.408235 0.382845 0.056471 0.096234
0 0.642941 0.097280 0.050588 0.089958
