0 0.366319 0.613932 0.048611 0.031684
0 0.185185 0.470703 0.048611 0.031684
0 0.238426 0.733724 0.048611 0.031684
0 0.408565 0.396050 0.048611 0.031684
0 0.318287 0.646050 0.048611 0.031684
0 0.051505 0.476345 0.048611 0.031684
0 0.670428 0.652344 0.048032 0.031250
0 0.857060 0.480903 0.043981 0.030382
0 0.925926 0.444227 0.061343 0.041233
0 0.420139 0.551432 0.048611 0.031684
0 0.532407 0.588759 0.048611 0.031684
0 0.657118 0.731771 0.048032 0.031250
0 0.470486 0.575304 0.048611 0.031684
0 0.482928 0.633898 0.038773 0.031684
0 0.454282 0.510634 0.048611 0.031684
0 0.603009 0.404948 0.038194 0.031250
0 0.578414 0.580295 0.044560 0.031250
0 0.500868 0.696398 0.038773 0.031684
0 0.680845 0.590929 0.049190 0.038628
0 0.453414 0.678168 0.038773 0.031684
0 0.366898 0.547960 0.048611 0.031684
0 0.745081 0.577474 0.050347 0.032552
0 0.118634 0.478516 0.048611 0.031684
0 0.612847 0.639974 0.048611 0.031684
0 0.619502 0.718750 0.048032 0.031250
0 0.410880 0.598741 0.048611 0.031684
