0 0.451042 0.604167 0.067708 0.125000
0 0.554427 0.334259 0.048438 0.087037
0 0.323437 0.687037 0.048958 0.088889
0 0.917708 0.941204 0.037500 0.056481
0 0.185677 0.487037 0.023438 0.046296
0 0.578646 0.397685 0.063542 0.119444
0 0.586198 0.854630 0.026562 0.053704
0 0.298958 0.619444 0.070833 0.105556
0 0.857812 0.799074 0.028125 0.046296
0 0.229948 0.414815 0.039062 0.072222
0 0.168750 0.643981 0.037500 0.062037
0 0.658594 0.066204 0.088021 0.128704
0 0.131510 0.798148 0.030729 0.072222
0 0.805208 0.867593 0.051042 0.090741
0 0.179688 0.492593 0.040625 0.062963
0 0.235417 0.437500 0.018750 0.034259
0 0.986719 0.454167 0.026562 0.075000
0 0.165625 0.953704 0.057292 0.088889
0 0.166927 0.469444 0.023438 0.040741
0 0.811458 0.612037 0.029167 0.053704
0 0.135677 0.687963 0.035937 0.057407
0 0.032031 0.514352 0.027604 0.045370
0 0.886198 0.269444 0.066146 0.112963
0 0.374740 0.678704 0.061979 0.094444
