0 0.082422 0.639583 0.041927 0.067130
0 0.583724 0.590278 0.027865 0.049074
0 0.039062 0.482639 0.037500 0.060648
0 0.627214 0.590509 0.033594 0.052315
0 0.728125 0.262963 0.021354 0.041667
0 0.054167 0.559954 0.036458 0.051389
0 0.425130 0.229167 0.029427 0.053704
0 0.053906 0.307407 0.024479 0.034259
0 0.520443 0.341667 0.036719 0.067593
0 0.240104 0.508333 0.035937 0.077778
0 0.504297 0.658333 0.030469 0.049074
0 0.393359 0.700926 0.035677 0.052778
0 0.394271 0.276389 0.030208 0.045370
0 0.799349 0.863194 0.028385 0.045833
0 0.425130 0.741667 0.022135 0.039815
0 0.574349 0.501852 0.036719 0.067593
0 0.455990 0.677546 0.034375 0.055093
0 0.694531 0.520833 0.029167 0.049074
0 0.463281 0.242361 0.039062 0.069907
0 0.496484 0.431944 0.032031 0.050000
0 0.279167 0.975231 0.035937 0.049537
0 0.019531 0.560185 0.036458 0.061111
0 0.643490 0.704398 0.031771 0.059722
0 0.384635 0.360417 0.032813 0.056019
0 0.404036 0.488194 0.030990 0.057870
0 0.405990 0.170139 0.032813 0.056944
0 0.030729 0.693519 0.032292 0.050000
0 0.264974 0.648843 0.039323 0.068981
0 0.433854 0.380556 0.038021 0.062037
0 0.690365 0.475926 0.023958 0.039815
0 0.538672 0.677778 0.030469 0.049074
0 0.680990 0.385648 0.033333 0.054630
0 0.513151 0.590046 0.029427 0.053241
0 0.377344 0.211111 0.034375 0.061111
0 0.079557 0.481713 0.038281 0.065278
0 0.013281 0.650694 0.026042 0.053241
