0 0.931667 0.462500 0.060000 0.045000
0 0.901667 0.563750 0.066667 0.047500
0 0.998333 0.166875 0.003333 0.041250
0 0.147500 0.147500 0.058333 0.037500
0 0.506667 0.293750 0.063333 0.045000
0 0.283333 0.242500 0.066667 0.047500
0 0.936667 0.373750 0.043333 0.035000
0 0.533333 0.660000 0.043333 0.037500
0 0.778333 0.298750 0.056667 0.037500
0 0.580000 0.651875 0.046667 0.036250
0 0.857500 0.236875 0.048333 0.036250
0 0.308333 0.526250 0.063333 0.040000
0 0.232500 0.078750 0.081667 0.060000
0 0.624167 0.358750 0.065000 0.047500
0 0.396667 0.236875 0.080000 0.056250
0 0.798333 0.583750 0.066667 0.047500
0 0.422500 0.199375 0.061667 0.041250
0 0.922500 0.514375 0.065000 0.046250
0 0.943333 0.176250 0.046667 0.040000
0 0.736667 0.327500 0.056667 0.037500
0 0.473333 0.215000 0.053333 0.037500
0 0.820833 0.338750 0.068333 0.047500
0 0.697500 0.377500 0.068333 0.047500
