0 0.502070 0.934174 0.080745 0.086835
0 0.678054 0.264706 0.064182 0.081232
0 0.635611 0.359944 0.062112 0.070028
0 0.119048 0.418768 0.089027 0.103641
0 0.694617 0.571429 0.055901 0.072829
0 0.462733 0.864146 0.080745 0.092437
0 0.831263 0.243697 0.068323 0.089636
0 0.398551 0.084034 0.093168 0.134454
0 0.333333 0.773109 0.070393 0.084034
0 0.841615 0.422969 0.068323 0.089636
0 0.333333 0.044818 0.115942 0.084034
0 0.472050 0.365546 0.082816 0.114846
0 0.107660 0.547619 0.074534 0.092437
0 0.417184 0.773109 0.084886 0.106443
0 0.391304 0.396359 0.082816 0.114846
0 0.922360 0.364146 0.068323 0.089636
0 0.703934 0.443978 0.053830 0.075630
0 0.543478 0.351541 0.076605 0.098039
0 0.174948 0.579832 0.076605 0.100840
0 0.740166 0.725490 0.064182 0.078431
