0 0.483398 0.390118 0.074219 0.119469
0 0.894531 0.022861 0.042969 0.042773
0 0.421387 0.227139 0.071289 0.100295
0 0.242676 0.117994 0.045898 0.044248
0 0.433594 0.658555 0.042969 0.057522
0 0.521484 0.654130 0.080078 0.069322
0 0.940430 0.411504 0.044922 0.061947
0 0.469238 0.831121 0.059570 0.110619
0 0.465332 0.594395 0.065430 0.097345
0 0.532227 0.571534 0.072266 0.113569
0 0.308105 0.176254 0.059570 0.069322
0 0.408203 0.363569 0.083984 0.122419
0 0.247559 0.139381 0.055664 0.045723
0 0.300781 0.619469 0.056641 0.106195
0 0.544922 0.830383 0.048828 0.088496
0 0.898438 0.404130 0.046875 0.061947
