0 0.810000 0.697619 0.060000 0.080952
0 0.466667 0.127381 0.050000 0.064286
0 0.202500 0.523810 0.075000 0.119048
0 0.271667 0.560714 0.070000 0.102381
0 0.024167 0.785714 0.045000 0.061905
0 0.545833 0.147619 0.045000 0.038095
0 0.893333 0.558333 0.070000 0.102381
0 0.864167 0.286905 0.048333 0.059524
0 0.619167 0.222619 0.051667 0.073810
0 0.634167 0.672619 0.075000 0.107143
0 0.540833 0.119048 0.051667 0.057143
0 0.760000 0.807143 0.053333 0.080952
0 0.506667 0.719048 0.070000 0.104762
0 0.546667 0.132143 0.056667 0.054762
0 0.689167 0.342857 0.058333 0.080952
0 0.937500 0.420238 0.071667 0.102381
0 0.385000 0.527381 0.070000 0.092857
0 0.399167 0.851190 0.061667 0.083333
0 0.102500 0.484524 0.035000 0.045238
