0 0.610000 0.071250 0.040000 0.062500
0 0.736667 0.501250 0.036667 0.042500
0 0.319167 0.678750 0.045000 0.077500
0 0.796667 0.507500 0.053333 0.075000
0 0.125000 0.637500 0.043333 0.055000
0 0.480833 0.353750 0.048333 0.067500
0 0.086667 0.837500 0.043333 0.055000
0 0.035000 0.640000 0.043333 0.055000
0 0.440833 0.233750 0.041667 0.062500
0 0.695833 0.156250 0.048333 0.077500
0 0.204167 0.041250 0.048333 0.067500
0 0.220000 0.641250 0.040000 0.057500
0 0.287500 0.080000 0.058333 0.090000
0 0.883333 0.846250 0.073333 0.097500
