0 0.546746 0.476997 0.048579 0.026910
0 0.922548 0.959418 0.127406 0.068142
0 0.120532 0.317274 0.132906 0.052083
0 0.485335 0.414280 0.052246 0.023003
0 0.748854 0.502604 0.071494 0.036458
0 0.333639 0.301432 0.082493 0.036024
0 0.362511 0.414062 0.065078 0.034722
0 0.748396 0.411892 0.054079 0.032118
0 0.446838 0.105469 0.085243 0.039931
0 0.747938 0.668620 0.109991 0.045573
0 0.714940 0.483507 0.075160 0.040799
0 0.290101 0.431207 0.063245 0.029948
0 0.926673 0.507378 0.091659 0.040799
0 0.787809 0.826389 0.109074 0.048611
0 0.439505 0.417535 0.043080 0.023438
0 0.405591 0.368490 0.052246 0.021701
0 0.412924 0.386719 0.072411 0.036458
0 0.617324 0.293186 0.079743 0.039497
0 0.729148 0.774957 0.127406 0.058594
0 0.336847 0.445312 0.066911 0.027778
0 0.708983 0.422960 0.076077 0.036892
0 0.928506 0.448351 0.104491 0.054688
0 0.409258 0.391059 0.050412 0.023438
0 0.708066 0.852865 0.118240 0.056424
0 0.680110 0.277561 0.075160 0.035156
0 0.586159 0.523003 0.044913 0.023438
0 0.508249 0.482639 0.044913 0.023438
0 0.247479 0.616102 0.067828 0.029948
0 0.521998 0.333984 0.076077 0.040365
0 0.598075 0.481337 0.044913 0.023438
