0 0.258464 0.332176 0.019531 0.038426
0 0.676562 0.576620 0.058854 0.086574
0 0.521094 0.330556 0.045833 0.066667
0 0.104688 0.582176 0.047917 0.071759
0 0.292057 0.356019 0.020052 0.034259
0 0.332292 0.218056 0.028125 0.040741
0 0.582812 0.091204 0.055729 0.090741
0 0.314063 0.270139 0.022917 0.042130
0 0.037630 0.464352 0.041927 0.078704
0 0.638932 0.498380 0.065365 0.109722
0 0.042318 0.703704 0.037760 0.053704
0 0.349479 0.203472 0.022917 0.042130
0 0.494922 0.248148 0.052344 0.086111
0 0.147786 0.600231 0.042969 0.068981
0 0.304948 0.222222 0.028125 0.040741
0 0.705729 0.802546 0.022396 0.036574
0 0.482161 0.596296 0.052344 0.086111
0 0.263411 0.477315 0.040885 0.051852
0 0.534896 0.893056 0.021875 0.043519
0 0.093750 0.439120 0.036979 0.061574
0 0.558724 0.802315 0.024740 0.047222
0 0.127995 0.814352 0.035156 0.056481
0 0.583984 0.628241 0.026823 0.056481
0 0.586589 0.812963 0.019531 0.036111
0 0.687760 0.162963 0.060417 0.092593
0 0.511979 0.154861 0.053646 0.081019
