0 0.512213 0.883333 0.056034 0.075000
0 0.298132 0.494792 0.056034 0.077083
0 0.638649 0.727083 0.041667 0.066667
0 0.299569 0.794792 0.070402 0.093750
0 0.935345 0.840625 0.028736 0.043750
0 0.512213 0.791667 0.067529 0.095833
0 0.621408 0.907292 0.038793 0.056250
0 0.121408 0.723958 0.053161 0.060417
0 0.060345 0.594792 0.057471 0.081250
0 0.854167 0.915625 0.044540 0.060417
0 0.466236 0.711458 0.064655 0.102083
0 0.258621 0.520833 0.043103 0.062500
0 0.451868 0.331250 0.061782 0.091667
0 0.484195 0.432292 0.068966 0.089583
0 0.602730 0.792708 0.038793 0.056250
0 0.840517 0.835417 0.037356 0.058333
