0 0.944531 0.124107 0.107813 0.155357
0 0.662500 0.186607 0.093750 0.112500
0 0.482813 0.488393 0.084375 0.091071
0 0.915625 0.896429 0.075000 0.071429
0 0.300000 0.164286 0.043750 0.046429
0 0.836719 0.897321 0.048438 0.073214
0 0.772656 0.060714 0.126562 0.114286
0 0.778906 0.646429 0.095313 0.096429
0 0.579688 0.485714 0.112500 0.121429
0 0.462500 0.387500 0.084375 0.064286
0 0.960938 0.349107 0.078125 0.123214
0 0.325000 0.484821 0.028125 0.044643
0 0.089063 0.597321 0.056250 0.080357
0 0.820312 0.450000 0.096875 0.125000
