0 0.761404 0.183841 0.073684 0.100703
0 0.114035 0.766979 0.115789 0.166276
0 0.586842 0.339578 0.047368 0.070258
0 0.588596 0.484778 0.047368 0.065574
0 0.742982 0.497658 0.071930 0.081967
0 0.665789 0.530445 0.043860 0.063232
0 0.601754 0.635831 0.045614 0.053864
0 0.516667 0.654567 0.054386 0.067916
0 0.411404 0.045667 0.082456 0.086651
0 0.553509 0.377049 0.047368 0.070258
0 0.594737 0.573770 0.066667 0.060890
0 0.803509 0.603044 0.052632 0.067916
0 0.320175 0.642857 0.071930 0.091335
0 0.198246 0.734192 0.133333 0.166276
0 0.662281 0.608899 0.050877 0.060890
0 0.959649 0.286885 0.077193 0.114754
0 0.057018 0.569087 0.110526 0.177986
0 0.292982 0.495316 0.056140 0.100703
0 0.414035 0.377049 0.066667 0.098361
0 0.569298 0.796253 0.054386 0.065574
0 0.942105 0.083138 0.077193 0.105386
0 0.903509 0.392272 0.077193 0.096019
0 0.757895 0.766979 0.056140 0.072600
0 0.051754 0.820843 0.100000 0.138173
0 0.874561 0.473068 0.071930 0.088993
0 0.324561 0.789227 0.105263 0.135831
0 0.785965 0.387588 0.066667 0.081967
0 0.785965 0.823185 0.056140 0.072600
0 0.869298 0.574941 0.075439 0.091335
0 0.164035 0.597190 0.110526 0.154567
0 0.443860 0.242389 0.066667 0.105386
0 0.859649 0.077283 0.087719 0.093677
0 0.857018 0.322014 0.075439 0.091335
0 0.408772 0.494145 0.070175 0.093677
0 0.374561 0.518735 0.061404 0.077283
0 0.381579 0.265808 0.092982 0.119438
0 0.200877 0.225995 0.114035 0.147541
0 0.190351 0.359485 0.054386 0.072600
0 0.547368 0.245902 0.052632 0.074941
0 0.210526 0.425059 0.059649 0.086651
0 0.542982 0.455504 0.040351 0.063232
0 0.557018 0.716628 0.054386 0.065574
0 0.937719 0.476581 0.064912 0.086651
0 0.392982 0.836066 0.063158 0.084309
