0 0.396667 0.080000 0.053333 0.065000
0 0.531667 0.720000 0.050000 0.065000
0 0.458333 0.528750 0.043333 0.052500
0 0.723333 0.500000 0.030000 0.040000
0 0.413333 0.692500 0.053333 0.065000
0 0.786667 0.475000 0.036667 0.045000
0 0.429167 0.491250 0.055000 0.067500
0 0.561667 0.552500 0.036667 0.050000
0 0.536667 0.471250 0.040000 0.052500
0 0.497500 0.658750 0.041667 0.042500
0 0.364167 0.430000 0.041667 0.060000
0 0.728333 0.648750 0.033333 0.042500
0 0.498333 0.526250 0.033333 0.047500
0 0.195000 0.747500 0.050000 0.060000
0 0.328333 0.672500 0.043333 0.065000
0 0.280833 0.877500 0.038333 0.050000
0 0.379167 0.152500 0.051667 0.055000
0 0.314167 0.720000 0.045000 0.050000
