0 0.422968 0.262489 0.117946 0.113463
0 0.054740 0.506774 0.088036 0.122777
0 0.551919 0.099069 0.125282 0.196444
0 0.313205 0.398391 0.091422 0.144793
0 0.191309 0.865368 0.104966 0.149026
0 0.657167 0.271804 0.129233 0.179509
0 0.417607 0.145639 0.134312 0.191363
0 0.779910 0.177392 0.128668 0.198984
0 0.345937 0.240898 0.067720 0.124471
0 0.571953 0.446232 0.087472 0.138865
0 0.585497 0.563929 0.094244 0.116850
0 0.782167 0.562659 0.146727 0.202371
0 0.156603 0.583827 0.145034 0.156647
0 0.508465 0.556308 0.084650 0.142252
0 0.181716 0.322185 0.081264 0.132938
0 0.084368 0.921253 0.154063 0.147333
0 0.212472 0.142252 0.051354 0.091448
