0 0.743125 0.298750 0.068750 0.055000
0 0.921250 0.255625 0.072500 0.058750
0 0.910000 0.321875 0.067500 0.058750
0 0.760000 0.468750 0.085000 0.055000
0 0.448125 0.321250 0.063750 0.052500
0 0.191875 0.151250 0.073750 0.055000
0 0.825000 0.525000 0.077500 0.057500
0 0.250625 0.847500 0.123750 0.095000
0 0.846875 0.259375 0.068750 0.058750
0 0.645000 0.341250 0.065000 0.055000
0 0.401875 0.143125 0.063750 0.053750
0 0.071875 0.237500 0.088750 0.065000
0 0.410625 0.665000 0.183750 0.162500
0 0.118750 0.335625 0.067500 0.066250
0 0.287500 0.563125 0.067500 0.056250
0 0.856875 0.123125 0.068750 0.058750
0 0.125000 0.853750 0.102500 0.100000
0 0.505625 0.446875 0.058750 0.048750
0 0.925625 0.798125 0.123750 0.098750
0 0.211250 0.385000 0.087500 0.070000
0 0.430000 0.226875 0.052500 0.043750
0 0.904375 0.896875 0.103750 0.091250
0 0.798125 0.953750 0.093750 0.087500
0 0.341875 0.362500 0.063750 0.052500
0 0.376875 0.211875 0.053750 0.048750
0 0.967500 0.306250 0.065000 0.052500
0 0.432500 0.910000 0.087500 0.077500
0 0.325000 0.168125 0.047500 0.038750
0 0.976875 0.369375 0.046250 0.063750
0 0.108750 0.640625 0.130000 0.101250
0 0.541875 0.143125 0.083750 0.071250
0 0.331250 0.802500 0.085000 0.077500
0 0.751250 0.860000 0.077500 0.065000
0 0.706250 0.568750 0.077500 0.057500
