0 0.783124 0.707697 0.044630 0.031126
0 0.526499 0.501132 0.058577 0.046972
0 0.696304 0.498868 0.035565 0.049236
0 0.754533 0.673741 0.052999 0.039049
0 0.774407 0.432654 0.069038 0.044709
0 0.408647 0.577250 0.043236 0.038483
0 0.434449 0.553763 0.051604 0.044709
0 0.595188 0.485569 0.052301 0.041879
0 0.718271 0.575269 0.054393 0.042445
0 0.408647 0.622241 0.044630 0.039049
0 0.279289 0.656480 0.048117 0.038483
0 0.525453 0.452179 0.049512 0.039615
0 0.690725 0.752405 0.052301 0.046972
0 0.478033 0.479344 0.049512 0.039615
0 0.570781 0.439445 0.057880 0.046972
0 0.747559 0.757782 0.057183 0.052066
0 0.747908 0.549519 0.045328 0.035088
0 0.648536 0.710809 0.058577 0.043011
0 0.613668 0.547821 0.052999 0.043011
