0 0.137879 0.616250 0.100000 0.137500
0 0.691667 0.827500 0.110606 0.190000
0 0.788636 0.838750 0.056061 0.072500
0 0.534848 0.951250 0.096970 0.097500
0 0.602273 0.576250 0.134848 0.252500
0 0.424242 0.156250 0.163636 0.282500
0 0.781818 0.571250 0.175758 0.302500
0 0.617424 0.927500 0.089394 0.135000
0 0.043182 0.741250 0.083333 0.277500
0 0.576515 0.206250 0.210606 0.357500
0 0.846212 0.663750 0.131818 0.257500
0 0.543182 0.372500 0.171212 0.200000
0 0.372727 0.951250 0.084848 0.092500
0 0.440152 0.888750 0.101515 0.177500
0 0.306818 0.551250 0.150000 0.247500
