0 0.809028 0.405671 0.109375 0.151620
0 0.402344 0.811343 0.089410 0.129630
0 0.930122 0.755208 0.056424 0.065972
0 0.259115 0.730903 0.087674 0.114583
0 0.292101 0.447338 0.094618 0.123843
0 0.385417 0.443287 0.100694 0.136574
0 0.542101 0.572917 0.098090 0.145833
0 0.589844 0.256366 0.125868 0.181713
0 0.623698 0.859954 0.077257 0.097222
0 0.880642 0.675926 0.070312 0.057870
0 0.787326 0.645833 0.050347 0.043981
0 0.102865 0.750000 0.087674 0.106481
0 0.471788 0.425926 0.082465 0.094907
0 0.500868 0.840856 0.078125 0.107639
