0 0.670000 0.349345 0.053333 0.078603
0 0.393333 0.938865 0.046667 0.069869
0 0.400000 0.591703 0.046667 0.065502
0 0.403333 0.124454 0.040000 0.056769
0 0.740000 0.816594 0.046667 0.052402
0 0.425000 0.681223 0.050000 0.069869
0 0.608333 0.194323 0.050000 0.065502
0 0.353333 0.657205 0.053333 0.082969
0 0.538333 0.475983 0.043333 0.078603
0 0.565000 0.934498 0.043333 0.078603
0 0.765000 0.975983 0.036667 0.048035
0 0.735000 0.670306 0.036667 0.048035
0 0.536667 0.746725 0.040000 0.061135
0 0.503333 0.489083 0.040000 0.061135
0 0.551667 0.224891 0.043333 0.065502
0 0.390000 0.834061 0.040000 0.061135
0 0.641667 0.884279 0.043333 0.065502
