0 0.341772 0.543038 0.070886 0.126582
0 0.501266 0.148734 0.106329 0.127848
0 0.367722 0.356962 0.110127 0.144304
0 0.789241 0.236076 0.092405 0.125316
0 0.512658 0.410127 0.111392 0.144304
0 0.053797 0.595570 0.097468 0.102532
0 0.803797 0.563924 0.096203 0.117722
0 0.523418 0.039873 0.094937 0.077215
0 0.698734 0.568354 0.098734 0.121519
0 0.500000 0.508861 0.103797 0.116456
0 0.898734 0.278481 0.088608 0.113924
0 0.416456 0.563291 0.096203 0.111392
0 0.188608 0.755063 0.108861 0.112658
0 0.735443 0.386709 0.086076 0.107595
0 0.631013 0.692405 0.097468 0.134177
0 0.556329 0.293038 0.100000 0.130380
0 0.299367 0.810759 0.051899 0.105063
0 0.352532 0.754430 0.092405 0.113924
0 0.268354 0.730380 0.053165 0.093671
0 0.496203 0.630380 0.098734 0.124051
0 0.231013 0.566456 0.100000 0.120253
0 0.485443 0.877215 0.079747 0.126582
0 0.353165 0.853165 0.053165 0.078481
0 0.465823 0.246203 0.103797 0.137975
0 0.407595 0.887342 0.096203 0.121519
0 0.706329 0.272785 0.086076 0.120253
0 0.798101 0.134177 0.082278 0.091139
0 0.748101 0.681013 0.103797 0.149367
0 0.089873 0.963291 0.116456 0.073418
0 0.717722 0.167089 0.088608 0.098734
0 0.284177 0.517722 0.105063 0.136709
0 0.605063 0.554430 0.098734 0.108861
0 0.646203 0.359494 0.097468 0.124051
0 0.593671 0.121519 0.103797 0.134177
0 0.826582 0.703797 0.093671 0.131646
0 0.815190 0.318987 0.088608 0.111392
0 0.118987 0.801266 0.106329 0.136709
0 0.166456 0.483544 0.100000 0.118987
