0 0.337186 0.608878 0.085427 0.145729
0 0.244724 0.689280 0.087437 0.128978
0 0.672864 0.638191 0.069347 0.120603
0 0.443216 0.565327 0.084422 0.152429
0 0.326131 0.903685 0.053266 0.082077
0 0.501508 0.694305 0.072362 0.112228
0 0.164824 0.469849 0.094472 0.149079
0 0.886935 0.195142 0.085427 0.139028
0 0.418593 0.873534 0.081407 0.102178
0 0.595980 0.706868 0.090452 0.144054
0 0.572864 0.480737 0.090452 0.144054
0 0.156281 0.299832 0.103518 0.167504
0 0.733166 0.037688 0.069347 0.072027
0 0.416080 0.781407 0.072362 0.112228
0 0.223116 0.971524 0.056281 0.056951
