0 0.780000 0.236250 0.036667 0.047500
0 0.100000 0.663750 0.036667 0.047500
0 0.383333 0.421250 0.036667 0.047500
0 0.145000 0.613750 0.036667 0.047500
0 0.716667 0.138750 0.036667 0.047500
0 0.389167 0.875000 0.038333 0.050000
0 0.920833 0.875000 0.051667 0.060000
0 0.786667 0.198750 0.036667 0.047500
0 0.845000 0.505000 0.050000 0.070000
0 0.539167 0.380000 0.041667 0.060000
0 0.730000 0.186250 0.036667 0.047500
0 0.827500 0.405000 0.041667 0.060000
0 0.198333 0.603750 0.036667 0.047500
0 0.483333 0.823750 0.036667 0.047500
0 0.210000 0.768750 0.036667 0.047500
0 0.643333 0.343750 0.046667 0.067500
0 0.288333 0.553750 0.036667 0.047500
0 0.954167 0.702500 0.041667 0.060000
0 0.215000 0.541250 0.036667 0.047500
0 0.791667 0.515000 0.050000 0.070000
0 0.151667 0.436250 0.036667 0.047500
0 0.138333 0.656250 0.036667 0.047500
0 0.250000 0.436250 0.036667 0.047500
0 0.477500 0.872500 0.038333 0.050000
0 0.081667 0.343750 0.036667 0.047500
0 0.360000 0.338750 0.036667 0.047500
0 0.868333 0.968750 0.043333 0.052500
0 0.910833 0.682500 0.041667 0.060000
0 0.108333 0.571250 0.036667 0.047500
0 0.333333 0.413750 0.036667 0.047500
0 0.096667 0.788750 0.036667 0.047500
0 0.110000 0.336250 0.036667 0.047500
0 0.450833 0.832500 0.038333 0.050000
0 0.826667 0.662500 0.050000 0.070000
0 0.457500 0.745000 0.038333 0.050000
0 0.714167 0.280000 0.048333 0.065000
