0 0.688889 0.591975 0.096296 0.124691
0 0.602778 0.566049 0.096296 0.124691
0 0.446759 0.714198 0.125000 0.159259
0 0.700463 0.437654 0.052778 0.062963
0 0.652778 0.812963 0.096296 0.124691
0 0.218056 0.306790 0.102778 0.154321
0 0.303241 0.324074 0.121296 0.156790
0 0.258796 0.900617 0.145370 0.166667
0 0.473611 0.283333 0.056481 0.075309
0 0.361111 0.512346 0.046296 0.056790
0 0.117593 0.425309 0.035185 0.045679
0 0.871759 0.418519 0.041667 0.041975
0 0.253704 0.712346 0.125926 0.162963
0 0.802315 0.248148 0.062037 0.079012
0 0.769444 0.570988 0.066667 0.095062
0 0.735185 0.731481 0.070370 0.085185
0 0.907870 0.477778 0.063889 0.091358
0 0.649074 0.664815 0.090741 0.095062
