0 0.591500 0.586667 0.047000 0.058667
0 0.604000 0.316000 0.056000 0.064000
0 0.323000 0.350667 0.048000 0.056000
0 0.203000 0.195333 0.048000 0.065333
0 0.305500 0.624000 0.053000 0.064000
0 0.708500 0.536000 0.045000 0.058667
0 0.813500 0.662000 0.065000 0.076000
0 0.378000 0.511333 0.046000 0.054667
0 0.512000 0.626667 0.040000 0.048000
0 0.761000 0.582000 0.046000 0.049333
0 0.191000 0.384667 0.044000 0.054667
0 0.705000 0.896000 0.036000 0.050667
0 0.091000 0.245333 0.052000 0.064000
0 0.633000 0.582000 0.040000 0.054667
0 0.691500 0.804667 0.049000 0.052000
0 0.055500 0.214667 0.055000 0.061333
0 0.514000 0.577333 0.040000 0.048000
0 0.671000 0.719333 0.044000 0.049333
0 0.408500 0.377333 0.051000 0.056000
0 0.316000 0.292667 0.048000 0.057333
0 0.531000 0.376667 0.048000 0.062667
0 0.677500 0.484667 0.049000 0.062667
0 0.491000 0.526000 0.044000 0.049333
0 0.141000 0.464667 0.044000 0.054667
0 0.680000 0.915333 0.040000 0.052000
0 0.349000 0.373333 0.044000 0.066667
