0 0.855000 0.470167 0.030000 0.042959
0 0.328333 0.318616 0.030000 0.045346
0 0.320000 0.045346 0.053333 0.085919
0 0.901667 0.316229 0.033333 0.040573
0 0.050000 0.167064 0.060000 0.071599
0 0.540000 0.162291 0.030000 0.052506
0 0.284167 0.106205 0.048333 0.083532
0 0.838333 0.365155 0.023333 0.033413
0 0.505000 0.363962 0.030000 0.045346
0 0.582500 0.244630 0.028333 0.040573
0 0.746667 0.445107 0.033333 0.040573
0 0.595000 0.426014 0.043333 0.059666
0 0.660833 0.674224 0.045000 0.059666
0 0.494167 0.293556 0.031667 0.052506
0 0.753333 0.235084 0.043333 0.059666
0 0.460833 0.266110 0.028333 0.050119
0 0.396667 0.093079 0.053333 0.076372
0 0.720833 0.411695 0.028333 0.035800
0 0.419167 0.674224 0.048333 0.069212
0 0.431667 0.420048 0.040000 0.062053
0 0.495000 0.509547 0.043333 0.059666
0 0.635000 0.423628 0.036667 0.054893
0 0.337500 0.192124 0.048333 0.069212
0 0.788333 0.264916 0.030000 0.042959
0 0.505000 0.251790 0.023333 0.031026
0 0.834167 0.304296 0.025000 0.045346
0 0.582500 0.182578 0.031667 0.045346
0 0.226667 0.064439 0.060000 0.071599
