0 0.606120 0.545898 0.045573 0.037109
0 0.545573 0.303711 0.093750 0.037109
0 0.456380 0.236816 0.053385 0.038086
0 0.539714 0.363770 0.037760 0.028320
0 0.264323 0.146484 0.044271 0.033203
0 0.475911 0.319824 0.040365 0.024414
0 0.454427 0.189453 0.052083 0.039062
0 0.242839 0.971680 0.058594 0.046875
0 0.586589 0.771973 0.055990 0.038086
0 0.900391 0.702148 0.069010 0.042969
0 0.738932 0.712402 0.055990 0.038086
0 0.723958 0.341309 0.054688 0.036133
0 0.620443 0.747070 0.055990 0.039062
0 0.358724 0.875977 0.055990 0.042969
0 0.454427 0.052734 0.049479 0.035156
0 0.421875 0.833496 0.059896 0.036133
0 0.677083 0.646484 0.052083 0.035156
0 0.636068 0.455078 0.037760 0.029297
0 0.972005 0.514648 0.050781 0.044922
0 0.399089 0.961914 0.058594 0.046875
0 0.522786 0.220215 0.053385 0.038086
0 0.421875 0.113281 0.044271 0.033203
0 0.491536 0.892578 0.055990 0.039062
0 0.462891 0.681641 0.066406 0.042969
0 0.247396 0.098633 0.044271 0.033203
0 0.670573 0.827148 0.059896 0.041016
0 0.308594 0.581543 0.041667 0.026367
0 0.339844 0.180176 0.046875 0.043945
