0 0.750000 0.216471 0.052727 0.075294
0 0.874545 0.124706 0.065455 0.075294
0 0.690909 0.404706 0.050909 0.061176
0 0.725455 0.117647 0.058182 0.065882
0 0.621818 0.421176 0.050909 0.061176
0 0.699091 0.304706 0.060000 0.068235
0 0.329091 0.212941 0.036364 0.040000
0 0.475455 0.541176 0.030909 0.042353
0 0.440000 0.437647 0.050909 0.061176
0 0.369091 0.183529 0.032727 0.037647
0 0.648182 0.185882 0.070909 0.094118
0 0.526364 0.398824 0.060000 0.068235
0 0.801818 0.345882 0.050909 0.061176
0 0.873636 0.800000 0.030909 0.051765
0 0.354545 0.484706 0.032727 0.042353
