0 0.143099 0.090741 0.097135 0.157407
0 0.511068 0.406481 0.132031 0.207407
0 0.057943 0.668519 0.106510 0.191667
0 0.074609 0.884954 0.064844 0.091204
0 0.585938 0.133565 0.153125 0.266204
0 0.258073 0.381250 0.088021 0.149537
0 0.170182 0.240741 0.112240 0.183333
0 0.119141 0.946065 0.083594 0.107870
0 0.926432 0.880324 0.033594 0.063426
0 0.482812 0.857407 0.136979 0.233333
0 0.807422 0.846528 0.117448 0.193981
0 0.768490 0.358796 0.182292 0.312963
0 0.210417 0.876389 0.029167 0.056481
0 0.067839 0.239352 0.034635 0.073148
0 0.310156 0.446065 0.067187 0.115278
0 0.564453 0.604630 0.132031 0.207407
0 0.303776 0.717130 0.078906 0.151852
