0 0.733073 0.783565 0.034375 0.045833
0 0.713151 0.821296 0.020052 0.038889
0 0.166927 0.574074 0.041667 0.082407
0 0.354687 0.641204 0.041667 0.068519
0 0.244401 0.416435 0.077865 0.113426
0 0.238281 0.419213 0.050000 0.087500
0 0.277604 0.764120 0.034896 0.056944
0 0.492708 0.870139 0.025000 0.042130
0 0.309115 0.589583 0.039583 0.069907
0 0.385937 0.243750 0.065625 0.121759
0 0.758464 0.535185 0.042448 0.075926
0 0.690495 0.828241 0.032031 0.051852
0 0.640365 0.638889 0.032813 0.062037
0 0.818099 0.983796 0.050260 0.032407
0 0.737240 0.412037 0.046875 0.070370
0 0.798828 0.122685 0.046615 0.096296
0 0.884375 0.209491 0.066667 0.098611
0 0.155078 0.909722 0.024740 0.046296
0 0.525260 0.284722 0.068229 0.136111
0 0.445833 0.854630 0.031250 0.050000
0 0.441927 0.280787 0.047917 0.091204
0 0.467839 0.617824 0.040885 0.061574
0 0.779948 0.849074 0.034896 0.064815
0 0.360286 0.938426 0.029427 0.050926
0 0.398307 0.587037 0.035156 0.062037
