0 0.297414 0.950431 0.118966 0.099138
0 0.741379 0.539871 0.165517 0.174569
0 0.804310 0.418103 0.160345 0.202586
0 0.129310 0.849138 0.134483 0.172414
0 0.306034 0.758621 0.139655 0.176724
0 0.186207 0.698276 0.144828 0.181034
0 0.639655 0.515086 0.093103 0.172414
0 0.409483 0.871767 0.105172 0.131466
0 0.450862 0.973060 0.105172 0.053879
0 0.197414 0.295259 0.129310 0.176724
0 0.534483 0.512931 0.120690 0.125000
0 0.715517 0.677802 0.131034 0.157328
0 0.190517 0.141164 0.136207 0.170259
0 0.334483 0.396552 0.141379 0.168103
0 0.625862 0.898707 0.075862 0.094828
