0 0.634444 0.275374 0.055556 0.074875
0 0.820000 0.333611 0.040000 0.051581
0 0.680556 0.248752 0.047778 0.064892
0 0.668333 0.828619 0.047778 0.059900
0 0.131667 0.147255 0.047778 0.058236
0 0.984444 0.545757 0.028889 0.076539
0 0.530556 0.513311 0.047778 0.068220
0 0.283889 0.568220 0.041111 0.054908
0 0.652778 0.947587 0.052222 0.071547
0 0.711667 0.686356 0.038889 0.051581
0 0.749444 0.524126 0.038889 0.046589
0 0.507222 0.976705 0.061111 0.046589
0 0.092222 0.237937 0.040000 0.069884
0 0.084444 0.390183 0.057778 0.084859
0 0.767778 0.305324 0.026667 0.051581
0 0.711111 0.326955 0.037778 0.054908
0 0.742222 0.212978 0.048889 0.079867
0 0.898333 0.431780 0.027778 0.044925
0 0.020000 0.781198 0.037778 0.058236
0 0.841667 0.666389 0.036667 0.054908
0 0.985000 0.074043 0.027778 0.054908
0 0.936111 0.420965 0.061111 0.083195
0 0.937222 0.747920 0.038889 0.054908
0 0.141667 0.329451 0.054444 0.076539
0 0.962778 0.707987 0.036667 0.058236
0 0.582778 0.531614 0.050000 0.071547
0 0.791667 0.143927 0.045556 0.064892
0 0.041111 0.504160 0.051111 0.073211
0 0.073333 0.597338 0.053333 0.073211
0 0.586667 0.252912 0.046667 0.076539
0 0.839444 0.207155 0.041111 0.044925
0 0.978889 0.787022 0.037778 0.063228
0 0.693889 0.134775 0.054444 0.073211
0 0.862778 0.150582 0.036667 0.058236
0 0.542778 0.420965 0.047778 0.079867
0 0.642778 0.564892 0.038889 0.058236
0 0.707222 0.772047 0.056667 0.079867
0 0.628333 0.561564 0.065556 0.068220
0 0.496111 0.389351 0.052222 0.079867
0 0.906111 0.089018 0.047778 0.071547
