0 0.871717 0.106999 0.090909 0.125168
0 0.026263 0.220054 0.050505 0.063257
0 0.514141 0.958277 0.038384 0.051144
0 0.787374 0.713997 0.156566 0.187079
0 0.508586 0.591521 0.045455 0.065949
0 0.700505 0.058546 0.102020 0.114401
0 0.412626 0.835128 0.091919 0.168237
0 0.650000 0.378197 0.110101 0.183042
0 0.447980 0.123822 0.079798 0.156124
0 0.384848 0.574024 0.103030 0.154778
0 0.530303 0.092867 0.133333 0.183042
0 0.519697 0.265814 0.136364 0.197847
0 0.313636 0.839838 0.132323 0.166891
0 0.695960 0.504038 0.155556 0.184388
0 0.777778 0.371467 0.149495 0.231494
0 0.482828 0.375505 0.107071 0.134590
0 0.279798 0.724092 0.137374 0.180350
0 0.193939 0.547106 0.105051 0.130552
0 0.554545 0.602961 0.048485 0.067295
