0 0.467285 0.255859 0.045898 0.055990
0 0.545410 0.270182 0.043945 0.055990
0 0.319336 0.628255 0.039062 0.050781
0 0.480957 0.572266 0.051758 0.055990
0 0.088379 0.541667 0.047852 0.065104
0 0.503418 0.471354 0.053711 0.065104
0 0.459961 0.719401 0.050781 0.058594
0 0.466309 0.371745 0.049805 0.066406
0 0.120605 0.730469 0.049805 0.065104
0 0.697266 0.408203 0.056641 0.066406
0 0.520508 0.712891 0.050781 0.055990
0 0.189453 0.401042 0.058594 0.072917
0 0.593750 0.491536 0.048828 0.066406
0 0.739746 0.418620 0.032227 0.045573
0 0.426270 0.376302 0.038086 0.057292
0 0.774902 0.397135 0.040039 0.062500
0 0.468262 0.208333 0.036133 0.041667
0 0.323242 0.839193 0.042969 0.053385
0 0.589355 0.117188 0.041992 0.057292
0 0.404785 0.214844 0.038086 0.062500
0 0.557129 0.463542 0.040039 0.054688
0 0.183105 0.652995 0.047852 0.055990
0 0.406738 0.536458 0.049805 0.059896
0 0.526855 0.625651 0.032227 0.050781
0 0.507324 0.248698 0.038086 0.067708
0 0.418945 0.599609 0.058594 0.063802
