0 0.641667 0.106250 0.043333 0.042500
0 0.310833 0.658750 0.051667 0.072500
0 0.533333 0.875000 0.046667 0.085000
0 0.387500 0.250000 0.051667 0.075000
0 0.682500 0.272500 0.045000 0.070000
0 0.950833 0.630000 0.051667 0.075000
0 0.535833 0.646250 0.051667 0.072500
0 0.960833 0.712500 0.061667 0.075000
0 0.603333 0.770000 0.056667 0.070000
0 0.829167 0.955000 0.058333 0.075000
0 0.741667 0.232500 0.053333 0.070000
0 0.510833 0.562500 0.048333 0.065000
0 0.572500 0.731250 0.051667 0.072500
0 0.850833 0.550000 0.041667 0.065000
0 0.470833 0.627500 0.051667 0.075000
0 0.784167 0.275000 0.051667 0.075000
0 0.844167 0.022500 0.045000 0.040000
0 0.030833 0.803750 0.048333 0.057500
0 0.235833 0.737500 0.055000 0.070000
0 0.899167 0.190000 0.045000 0.070000
0 0.584167 0.877500 0.048333 0.070000
0 0.026667 0.196250 0.050000 0.052500
0 0.604167 0.475000 0.051667 0.065000
0 0.923333 0.805000 0.050000 0.075000
0 0.104167 0.472500 0.048333 0.060000
0 0.475000 0.965000 0.053333 0.070000
0 0.452500 0.552500 0.051667 0.075000
0 0.507500 0.500000 0.051667 0.075000
0 0.440000 0.030000 0.066667 0.055000
0 0.177500 0.757500 0.055000 0.080000
0 0.666667 0.526250 0.070000 0.072500
0 0.803333 0.505000 0.050000 0.065000
