0 0.830000 0.498069 0.118462 0.142857
0 0.709231 0.616795 0.132308 0.148649
0 0.074615 0.648649 0.121538 0.146718
0 0.759231 0.814672 0.121538 0.158301
0 0.322308 0.496139 0.121538 0.162162
0 0.190000 0.096525 0.112308 0.138996
0 0.093846 0.468147 0.123077 0.137066
0 0.539231 0.237452 0.112308 0.127413
0 0.057692 0.888031 0.112308 0.162162
0 0.691538 0.070463 0.112308 0.098456
0 0.621538 0.478764 0.135385 0.177606
0 0.522308 0.389961 0.090769 0.131274
0 0.615385 0.951737 0.116923 0.092664
0 0.431538 0.584942 0.127692 0.166023
