0 0.945000 0.899259 0.096667 0.127407
0 0.496111 0.611852 0.027778 0.032593
0 0.951667 0.100741 0.043333 0.047407
0 0.752222 0.642222 0.044444 0.069630
0 0.411667 0.240000 0.090000 0.142222
0 0.781667 0.612593 0.043333 0.042963
0 0.593889 0.360741 0.101111 0.122963
0 0.443889 0.441481 0.072222 0.071111
0 0.505556 0.302963 0.102222 0.146667
0 0.421111 0.588889 0.064444 0.069630
0 0.796111 0.543704 0.087778 0.112593
0 0.566667 0.563704 0.035556 0.054815
0 0.391111 0.670370 0.062222 0.081481
0 0.744444 0.825926 0.051111 0.069630
0 0.669444 0.519259 0.052222 0.063704
0 0.730556 0.114815 0.170000 0.205926
0 0.073333 0.460741 0.082222 0.091852
0 0.260556 0.711111 0.065556 0.085926
0 0.333333 0.523704 0.062222 0.081481
0 0.528333 0.572593 0.043333 0.060741
0 0.276667 0.587407 0.053333 0.078519
0 0.836111 0.731111 0.045556 0.057778
0 0.335556 0.591111 0.066667 0.062222
0 0.055556 0.341481 0.108889 0.117037
0 0.207222 0.421481 0.076667 0.093333
0 0.231111 0.534815 0.062222 0.074074
0 0.394444 0.541481 0.062222 0.081481
0 0.346111 0.058519 0.050000 0.072593
0 0.701111 0.602222 0.057778 0.075556
0 0.639444 0.252593 0.105556 0.149630
0 0.867778 0.414815 0.140000 0.180741
0 0.598333 0.482963 0.083333 0.106667
0 0.736111 0.746667 0.058889 0.068148
