0 0.599167 0.843548 0.098333 0.065591
0 0.246667 0.427957 0.080000 0.051613
0 0.286667 0.325806 0.076667 0.051613
0 0.475833 0.176882 0.085000 0.052688
0 0.764167 0.027957 0.081667 0.053763
0 0.510833 0.724731 0.088333 0.064516
0 0.415000 0.068280 0.063333 0.050538
0 0.195833 0.514516 0.075000 0.050538
0 0.787500 0.919892 0.091667 0.061290
0 0.290000 0.678495 0.086667 0.055914
0 0.773333 0.672581 0.090000 0.065591
0 0.350833 0.826882 0.091667 0.060215
0 0.407500 0.617742 0.095000 0.059140
0 0.408333 0.150538 0.076667 0.055914
0 0.733333 0.747849 0.083333 0.050538
0 0.809167 0.474731 0.088333 0.052688
0 0.460833 0.420968 0.098333 0.061290
0 0.266667 0.175806 0.086667 0.061290
0 0.710000 0.633333 0.066667 0.045161
