0 0.277692 0.673846 0.069231 0.080000
0 0.240000 0.330000 0.092308 0.109231
0 0.757692 0.341538 0.090769 0.101538
0 0.701538 0.408462 0.086154 0.103077
0 0.430769 0.556154 0.067692 0.081538
0 0.912308 0.221538 0.110769 0.107692
0 0.195385 0.441538 0.070769 0.086154
0 0.875385 0.329231 0.092308 0.092308
0 0.797692 0.213077 0.118462 0.127692
0 0.479231 0.515385 0.087692 0.092308
0 0.331538 0.506923 0.078462 0.084615
0 0.596923 0.485385 0.080000 0.093846
0 0.393077 0.633077 0.078462 0.084615
0 0.559231 0.264615 0.109231 0.104615
0 0.373846 0.347692 0.089231 0.101538
0 0.131538 0.380769 0.103077 0.118462
0 0.112308 0.483077 0.092308 0.086154
