0 0.860417 0.359722 0.047917 0.061111
0 0.263021 0.120139 0.028125 0.031944
0 0.890625 0.943750 0.045833 0.056944
0 0.630208 0.071528 0.035417 0.040278
0 0.215104 0.279167 0.028125 0.041667
0 0.728125 0.276389 0.050000 0.061111
0 0.378125 0.856944 0.035417 0.050000
0 0.445833 0.045833 0.035417 0.052778
0 0.481250 0.027778 0.039583 0.047222
0 0.262500 0.087500 0.027083 0.038889
0 0.475000 0.070833 0.033333 0.041667
0 0.097917 0.320833 0.027083 0.036111
0 0.822917 0.318750 0.043750 0.054167
0 0.385937 0.204861 0.034375 0.037500
0 0.940104 0.613194 0.053125 0.073611
0 0.821875 0.257639 0.041667 0.059722
0 0.699479 0.762500 0.046875 0.061111
0 0.739062 0.626389 0.048958 0.061111
0 0.364063 0.970139 0.038542 0.048611
0 0.525000 0.802083 0.035417 0.048611
0 0.115104 0.279861 0.030208 0.040278
0 0.432292 0.814583 0.037500 0.054167
0 0.627604 0.020139 0.038542 0.037500
0 0.730208 0.486111 0.045833 0.052778
0 0.525000 0.218750 0.039583 0.048611
0 0.287500 0.480556 0.031250 0.038889
0 0.192188 0.709028 0.032292 0.043056
0 0.560937 0.663889 0.032292 0.047222
