0 0.334000 0.284858 0.096000 0.146927
0 0.193500 0.439280 0.095000 0.146927
0 0.385000 0.507496 0.092000 0.121439
0 0.242500 0.567466 0.107000 0.154423
0 0.374500 0.388306 0.095000 0.107946
0 0.218500 0.308096 0.099000 0.145427
0 0.566500 0.565217 0.077000 0.095952
0 0.604000 0.848576 0.078000 0.119940
0 0.127500 0.451274 0.077000 0.155922
0 0.508500 0.652174 0.135000 0.191904
0 0.721500 0.370315 0.095000 0.164918
0 0.288500 0.497751 0.087000 0.143928
0 0.632500 0.359070 0.115000 0.178411
0 0.170500 0.681409 0.069000 0.103448
0 0.417500 0.308096 0.087000 0.154423
0 0.644500 0.791604 0.081000 0.128936
