0 0.499070 0.710979 0.051163 0.078042
0 0.815814 0.452381 0.059535 0.074074
0 0.116744 0.700397 0.053023 0.054233
0 0.520465 0.523148 0.054884 0.083333
0 0.447442 0.577381 0.044651 0.075397
0 0.373023 0.669974 0.055814 0.075397
0 0.742326 0.156746 0.052093 0.072751
0 0.219535 0.108466 0.068837 0.100529
0 0.427907 0.291667 0.068837 0.096561
0 0.093953 0.348545 0.076279 0.107143
0 0.516744 0.164021 0.060465 0.089947
0 0.660930 0.597884 0.043721 0.063492
0 0.936744 0.856481 0.087442 0.128307
0 0.419535 0.688492 0.040930 0.062169
0 0.295349 0.683862 0.054884 0.082011
0 0.406512 0.547619 0.052093 0.087302
0 0.582791 0.271164 0.056744 0.092593
