0 0.794000 0.164959 0.244000 0.231557
0 0.221000 0.780738 0.254000 0.250000
0 0.440000 0.370902 0.228000 0.221311
0 0.299000 0.173156 0.238000 0.260246
0 0.134000 0.547131 0.228000 0.237705
0 0.898000 0.340164 0.196000 0.229508
0 0.630000 0.912910 0.252000 0.174180
0 0.557000 0.725410 0.242000 0.237705
0 0.356000 0.579918 0.240000 0.241803
0 0.224000 0.943648 0.240000 0.112705
0 0.153000 0.091189 0.198000 0.161885
0 0.109000 0.272541 0.214000 0.241803
0 0.778000 0.487705 0.228000 0.254098
0 0.585000 0.543033 0.246000 0.217213
0 0.937000 0.909836 0.126000 0.180328
0 0.544000 0.167008 0.248000 0.243852
0 0.745000 0.714139 0.182000 0.211066
