0 0.160156 0.576807 0.054688 0.051205
0 0.672656 0.593373 0.073438 0.126506
0 0.756250 0.852410 0.084375 0.162651
0 0.598438 0.813253 0.096875 0.174699
0 0.555469 0.513554 0.070312 0.123494
0 0.332813 0.933735 0.090625 0.132530
0 0.252344 0.536145 0.070312 0.102410
0 0.060156 0.951807 0.095313 0.096386
0 0.612500 0.421687 0.053125 0.108434
0 0.683594 0.734940 0.085938 0.156627
0 0.829688 0.831325 0.078125 0.162651
0 0.239844 0.370482 0.051563 0.096386
0 0.453125 0.762048 0.078125 0.132530
0 0.438281 0.463855 0.067187 0.114458
0 0.371094 0.576807 0.070312 0.093373
0 0.909375 0.424699 0.062500 0.102410
0 0.553125 0.409639 0.065625 0.114458
0 0.860156 0.634036 0.073438 0.123494
0 0.889844 0.757530 0.079688 0.141566
0 0.202344 0.420181 0.057813 0.087349
0 0.054688 0.611446 0.056250 0.102410
0 0.026563 0.384036 0.050000 0.069277
0 0.611719 0.951807 0.089063 0.096386
0 0.301563 0.466867 0.062500 0.120482
0 0.075000 0.838855 0.062500 0.135542
0 0.889844 0.501506 0.067187 0.117470
0 0.602344 0.658133 0.076563 0.147590
0 0.044531 0.710843 0.057813 0.096386
0 0.180469 0.632530 0.073438 0.102410
0 0.968750 0.766566 0.062500 0.147590
0 0.053125 0.304217 0.037500 0.072289
0 0.718750 0.923193 0.106250 0.153614
0 0.444531 0.564759 0.060938 0.099398
0 0.747656 0.513554 0.079688 0.147590
0 0.116406 0.554217 0.051563 0.090361
0 0.517188 0.707831 0.065625 0.126506
0 0.022656 0.469880 0.042188 0.078313
0 0.061719 0.495482 0.045313 0.057229
0 0.407031 0.856928 0.098438 0.177711
0 0.325000 0.771084 0.075000 0.162651
0 0.451563 0.335843 0.062500 0.129518
0 0.250781 0.634036 0.073438 0.111446
0 0.142969 0.745482 0.073438 0.135542
0 0.935156 0.647590 0.073438 0.156627
0 0.132031 0.875000 0.079688 0.129518
0 0.868750 0.944277 0.081250 0.111446
0 0.261719 0.859940 0.089063 0.123494
0 0.955469 0.483434 0.070312 0.087349
0 0.940625 0.888554 0.078125 0.162651
0 0.093750 0.316265 0.043750 0.072289
0 0.765625 0.707831 0.081250 0.144578
0 0.256250 0.960843 0.075000 0.078313
0 0.501563 0.472892 0.062500 0.102410
0 0.839844 0.429217 0.076563 0.135542
0 0.201563 0.841867 0.068750 0.147590
0 0.159375 0.337349 0.046875 0.084337
0 0.517188 0.870482 0.075000 0.144578
0 0.442188 0.658133 0.081250 0.111446
0 0.750000 0.387048 0.071875 0.117470
