0 0.260000 0.619444 0.116000 0.133333
0 0.820000 0.477778 0.048000 0.061111
0 0.349000 0.962500 0.086000 0.075000
0 0.251000 0.109722 0.090000 0.091667
0 0.157000 0.743056 0.146000 0.186111
0 0.863000 0.554167 0.034000 0.052778
0 0.454000 0.804167 0.084000 0.108333
0 0.331000 0.134722 0.098000 0.152778
0 0.077000 0.791667 0.094000 0.127778
0 0.532000 0.838889 0.100000 0.150000
0 0.160000 0.600000 0.092000 0.105556
0 0.764000 0.216667 0.052000 0.077778
0 0.357000 0.511111 0.126000 0.172222
0 0.750000 0.283333 0.060000 0.072222
