0 0.706250 0.577083 0.143750 0.204167
0 0.432813 0.327083 0.196875 0.237500
0 0.103125 0.364583 0.200000 0.262500
0 0.723438 0.131250 0.159375 0.245833
0 0.123438 0.750000 0.215625 0.216667
0 0.790625 0.787500 0.187500 0.225000
0 0.575000 0.800000 0.225000 0.291667
0 0.250000 0.133333 0.250000 0.258333
0 0.343750 0.779167 0.218750 0.266667
0 0.395313 0.550000 0.159375 0.208333
0 0.890625 0.450000 0.212500 0.233333
0 0.567188 0.527083 0.196875 0.254167
0 0.564063 0.135417 0.240625 0.262500
0 0.284375 0.354167 0.168750 0.200000
0 0.198438 0.593750 0.240625 0.320833
0 0.625000 0.347917 0.168750 0.220833
0 0.914062 0.693750 0.171875 0.237500
