0 0.598750 0.133333 0.077500 0.106667
0 0.150000 0.961667 0.065000 0.076667
0 0.286250 0.080000 0.082500 0.106667
0 0.201250 0.205000 0.082500 0.116667
0 0.641250 0.653333 0.057500 0.066667
0 0.457500 0.218333 0.085000 0.096667
0 0.062500 0.428333 0.070000 0.083333
0 0.752500 0.028333 0.080000 0.050000
0 0.328750 0.145000 0.057500 0.076667
0 0.567500 0.613333 0.050000 0.066667
0 0.503750 0.126667 0.057500 0.073333
0 0.687500 0.658333 0.045000 0.056667
0 0.440000 0.126667 0.075000 0.113333
0 0.657500 0.196667 0.070000 0.100000
0 0.427500 0.865000 0.045000 0.056667
