0 0.713000 0.877778 0.178000 0.244444
0 0.356000 0.861111 0.196000 0.238889
0 0.400000 0.468056 0.172000 0.175000
0 0.092000 0.670833 0.168000 0.247222
0 0.274000 0.259722 0.144000 0.247222
0 0.175000 0.376389 0.194000 0.263889
0 0.409000 0.277778 0.182000 0.272222
0 0.230000 0.722222 0.200000 0.244444
0 0.681000 0.272222 0.210000 0.288889
0 0.860000 0.218056 0.184000 0.263889
0 0.523000 0.145833 0.186000 0.280556
0 0.921000 0.880556 0.158000 0.233333
0 0.470000 0.648611 0.188000 0.269444
0 0.546000 0.813889 0.192000 0.266667
0 0.564000 0.529167 0.180000 0.252778
0 0.730000 0.629167 0.192000 0.263889
0 0.913000 0.636111 0.174000 0.255556
