0 0.725000 0.187778 0.173333 0.202222
0 0.127500 0.391111 0.198333 0.213333
0 0.598333 0.525556 0.170000 0.251111
0 0.844167 0.082222 0.198333 0.160000
0 0.647500 0.863333 0.188333 0.260000
0 0.453333 0.663333 0.243333 0.322222
0 0.546667 0.137778 0.206667 0.271111
0 0.225833 0.912222 0.221667 0.175556
0 0.460000 0.900000 0.203333 0.200000
0 0.320000 0.736667 0.123333 0.260000
0 0.956667 0.907778 0.086667 0.184444
0 0.067500 0.866667 0.131667 0.262222
0 0.321667 0.492222 0.190000 0.220000
0 0.780833 0.674444 0.245000 0.295556
0 0.830833 0.898889 0.198333 0.202222
0 0.291667 0.275556 0.176667 0.226667
0 0.751667 0.401111 0.246667 0.300000
0 0.461667 0.360000 0.203333 0.253333
0 0.901667 0.237778 0.193333 0.315556
0 0.141667 0.140000 0.213333 0.275556
