0 0.598000 0.651000 0.184000 0.182000
0 0.329000 0.095000 0.146000 0.150000
0 0.435000 0.717000 0.150000 0.118000
0 0.164000 0.220000 0.160000 0.140000
0 0.256000 0.178000 0.108000 0.112000
0 0.648000 0.456000 0.176000 0.148000
0 0.342000 0.609000 0.124000 0.142000
0 0.120000 0.665000 0.212000 0.182000
0 0.526000 0.227000 0.116000 0.110000
0 0.703000 0.735000 0.242000 0.186000
0 0.416000 0.229000 0.120000 0.130000
0 0.387000 0.880000 0.218000 0.216000
0 0.835000 0.352000 0.146000 0.136000
0 0.649000 0.185000 0.130000 0.106000
0 0.471000 0.577000 0.162000 0.146000
0 0.463000 0.124000 0.126000 0.124000
0 0.725000 0.072000 0.126000 0.120000
0 0.565000 0.094000 0.118000 0.120000
