0 0.327526 0.167401 0.083624 0.088106
0 0.747387 0.174009 0.073171 0.074890
0 0.832753 0.779736 0.111498 0.114537
0 0.433798 0.418502 0.094077 0.105727
0 0.919861 0.762115 0.104530 0.123348
0 0.080139 0.757709 0.132404 0.158590
0 0.869338 0.867841 0.108014 0.096916
0 0.182927 0.634361 0.101045 0.114537
0 0.609756 0.209251 0.083624 0.074890
0 0.567944 0.817181 0.139373 0.145374
0 0.581882 0.544053 0.097561 0.101322
0 0.635889 0.299559 0.073171 0.088106
0 0.949477 0.845815 0.101045 0.114537
0 0.783972 0.530837 0.111498 0.110132
0 0.172474 0.361233 0.087108 0.105727
0 0.585366 0.634361 0.111498 0.132159
0 0.452962 0.244493 0.076655 0.074890
0 0.081882 0.550661 0.121951 0.105727
0 0.364111 0.588106 0.114983 0.118943
0 0.757840 0.885463 0.114983 0.132159
0 0.668990 0.689427 0.125436 0.145374
0 0.372822 0.828194 0.132404 0.149780
0 0.655052 0.955947 0.139373 0.088106
0 0.700348 0.488987 0.090592 0.123348
0 0.196864 0.801762 0.121951 0.132159
0 0.283972 0.693833 0.128920 0.145374
0 0.473868 0.618943 0.118467 0.136564
0 0.083624 0.370044 0.104530 0.114537
0 0.090592 0.649780 0.118467 0.110132
0 0.343206 0.477974 0.094077 0.118943
0 0.365854 0.392070 0.083624 0.079295
0 0.729965 0.299559 0.094077 0.096916
0 0.195122 0.506608 0.118467 0.140969
