0 0.730556 0.462500 0.131481 0.197222
0 0.401852 0.847222 0.159259 0.188889
0 0.352778 0.745833 0.157407 0.175000
0 0.403704 0.525000 0.129630 0.233333
0 0.576852 0.284722 0.146296 0.208333
0 0.472222 0.288889 0.111111 0.194444
0 0.685185 0.212500 0.122222 0.208333
0 0.503704 0.737500 0.155556 0.213889
0 0.302778 0.581944 0.124074 0.180556
0 0.565741 0.886111 0.150000 0.166667
0 0.265741 0.200000 0.131481 0.194444
0 0.649074 0.727778 0.146296 0.211111
0 0.031481 0.155556 0.059259 0.172222
0 0.789815 0.583333 0.124074 0.150000
0 0.536111 0.486111 0.138889 0.177778
0 0.811111 0.716667 0.166667 0.177778
0 0.387037 0.163889 0.122222 0.127778
0 0.541667 0.105556 0.142593 0.150000
0 0.084259 0.045833 0.105556 0.086111
0 0.369444 0.309722 0.116667 0.191667
0 0.114815 0.151389 0.107407 0.152778
0 0.625000 0.566667 0.131481 0.183333
0 0.287037 0.415278 0.129630 0.163889
0 0.491667 0.622222 0.135185 0.138889
