0 0.074921 0.515976 0.148265 0.310059
0 0.386435 0.975148 0.059937 0.049704
0 0.328470 0.154438 0.139590 0.223669
0 0.872240 0.525444 0.042587 0.059172
0 0.888013 0.163314 0.059937 0.087574
0 0.592271 0.178698 0.086751 0.158580
0 0.219637 0.844379 0.158517 0.282840
0 0.903391 0.752663 0.149054 0.203550
0 0.520110 0.962130 0.087539 0.075740
0 0.130915 0.102367 0.132492 0.202367
0 0.805994 0.888757 0.111987 0.156213
0 0.870662 0.944970 0.190852 0.110059
0 0.487776 0.721302 0.174290 0.275740
0 0.688486 0.593491 0.141956 0.216568
0 0.328864 0.603550 0.162461 0.220118
