0 0.226429 0.897143 0.218571 0.197143
0 0.427857 0.902143 0.207143 0.192857
0 0.651429 0.692857 0.217143 0.237143
0 0.603571 0.242143 0.212857 0.212857
0 0.399286 0.391429 0.195714 0.217143
0 0.216429 0.481429 0.204286 0.211429
0 0.646429 0.902143 0.212857 0.195714
0 0.717143 0.093571 0.222857 0.184286
0 0.457857 0.066429 0.201429 0.130000
0 0.860000 0.896429 0.214286 0.201429
0 0.232143 0.093571 0.218571 0.178571
0 0.222143 0.279286 0.195714 0.207143
0 0.229286 0.689286 0.212857 0.218571
0 0.387857 0.192143 0.187143 0.192857
0 0.580714 0.470000 0.230000 0.214286
0 0.826429 0.242143 0.215714 0.215714
0 0.827857 0.498571 0.224286 0.208571
0 0.859286 0.691429 0.207143 0.202857
0 0.427143 0.625714 0.211429 0.228571
