0 0.269474 0.199623 0.092632 0.150659
0 0.175263 0.252354 0.083158 0.150659
0 0.270526 0.732580 0.096842 0.177024
0 0.633158 0.628060 0.123158 0.201507
0 0.255789 0.386064 0.090526 0.139360
0 0.852105 0.487759 0.104211 0.177024
0 0.524737 0.063089 0.095789 0.122411
0 0.716842 0.908663 0.096842 0.160075
0 0.061053 0.607345 0.115789 0.178908
0 0.180526 0.154426 0.095789 0.146893
0 0.697368 0.110169 0.095789 0.175141
0 0.086316 0.205273 0.101053 0.173258
0 0.533158 0.273070 0.100000 0.169492
0 0.941579 0.751412 0.114737 0.248588
0 0.900000 0.926554 0.128421 0.146893
0 0.818947 0.828625 0.109474 0.199623
0 0.313684 0.572505 0.107368 0.188324
0 0.786316 0.556497 0.115789 0.201507
0 0.838947 0.096045 0.101053 0.184557
0 0.866316 0.661017 0.109474 0.180791
0 0.167895 0.445386 0.100000 0.171375
0 0.604737 0.140301 0.112632 0.190207
0 0.293684 0.315443 0.103158 0.178908
0 0.571053 0.459510 0.116842 0.195857
0 0.061579 0.376648 0.091579 0.161959
0 0.120000 0.792844 0.113684 0.184557
0 0.938421 0.378531 0.121053 0.218456
0 0.517895 0.731638 0.120000 0.227872
0 0.623684 0.847458 0.142105 0.241055
0 0.678947 0.498117 0.103158 0.220339
0 0.758947 0.343691 0.113684 0.209040
0 0.912105 0.258945 0.104211 0.160075
0 0.346842 0.428437 0.087368 0.163842
0 0.211579 0.724105 0.069474 0.160075
0 0.931579 0.560264 0.088421 0.145009
0 0.647368 0.313559 0.113684 0.197740
0 0.731053 0.737288 0.123158 0.235405
0 0.173158 0.603578 0.108421 0.190207
0 0.771579 0.198682 0.101053 0.145009
0 0.958421 0.103578 0.081053 0.161959
0 0.384211 0.604520 0.084211 0.184557
0 0.215263 0.897363 0.116842 0.205273
0 0.040526 0.900188 0.072632 0.165725
0 0.350526 0.247646 0.071579 0.126177
0 0.092105 0.928437 0.108421 0.143126
0 0.257895 0.540490 0.094737 0.184557
0 0.363684 0.762712 0.104211 0.180791
0 0.044211 0.758945 0.086316 0.165725
0 0.315789 0.895480 0.111579 0.190207
0 0.136842 0.341808 0.084211 0.152542
