0 0.307031 0.822384 0.054688 0.058394
0 0.433594 0.889294 0.064063 0.075426
0 0.520313 0.675182 0.028125 0.046229
0 0.427344 0.788321 0.054688 0.077859
0 0.664844 0.716545 0.035938 0.046229
0 0.338281 0.899027 0.051563 0.080292
0 0.120313 0.740876 0.043750 0.055961
0 0.211719 0.773723 0.045313 0.038929
0 0.553906 0.541363 0.029688 0.041363
0 0.545312 0.840633 0.050000 0.070560
0 0.759375 0.650852 0.040625 0.055961
0 0.396875 0.721411 0.046875 0.051095
0 0.274219 0.658151 0.035938 0.036496
0 0.504688 0.756691 0.040625 0.058394
0 0.471094 0.821168 0.057813 0.075426
0 0.603125 0.710462 0.043750 0.053528
0 0.413281 0.950122 0.064063 0.065693
0 0.363281 0.847932 0.048438 0.046229
0 0.182031 0.639903 0.045313 0.048662
0 0.590625 0.798054 0.046875 0.077859
0 0.536719 0.929440 0.054688 0.087591
0 0.232031 0.649635 0.029688 0.038929
0 0.483594 0.934307 0.051563 0.072993
0 0.257031 0.839416 0.048438 0.063260
0 0.225000 0.714112 0.043750 0.055961
0 0.417188 0.535280 0.028125 0.029197
0 0.633594 0.872263 0.048438 0.070560
0 0.490625 0.880779 0.053125 0.048662
0 0.160938 0.692214 0.037500 0.055961
0 0.463281 0.666667 0.039062 0.043796
0 0.304688 0.774939 0.053125 0.065693
0 0.345313 0.795620 0.040625 0.053528
