0 0.195455 0.077273 0.209091 0.145455
0 0.581818 0.852273 0.245455 0.259091
0 0.786364 0.481818 0.154545 0.200000
0 0.209091 0.220455 0.172727 0.177273
0 0.386364 0.861364 0.209091 0.240909
0 0.393182 0.070455 0.240909 0.131818
0 0.513636 0.377273 0.263636 0.254545
0 0.725000 0.684091 0.140909 0.250000
0 0.722727 0.179545 0.281818 0.277273
0 0.175000 0.384091 0.259091 0.240909
0 0.375000 0.577273 0.231818 0.263636
0 0.577273 0.079545 0.163636 0.150000
0 0.206818 0.752273 0.250000 0.250000
0 0.600000 0.609091 0.263636 0.263636
0 0.354545 0.213636 0.236364 0.200000
0 0.795455 0.297727 0.236364 0.213636
0 0.193182 0.559091 0.186364 0.163636
0 0.575000 0.250000 0.177273 0.181818
