0 0.760000 0.941123 0.300000 0.114130
0 0.099167 0.186594 0.195000 0.369565
0 0.923333 0.874094 0.153333 0.248188
0 0.750000 0.127717 0.243333 0.244565
0 0.169167 0.911232 0.285000 0.177536
0 0.080833 0.759058 0.158333 0.340580
0 0.935833 0.375000 0.128333 0.152174
0 0.855833 0.548007 0.288333 0.324275
0 0.636667 0.508152 0.193333 0.219203
0 0.195833 0.545290 0.251667 0.275362
0 0.960833 0.207428 0.078333 0.175725
0 0.865000 0.270833 0.196667 0.204710
0 0.373333 0.785326 0.276667 0.306159
0 0.575833 0.673007 0.328333 0.338768
0 0.585000 0.306159 0.203333 0.235507
0 0.455833 0.958333 0.268333 0.083333
0 0.752500 0.355978 0.238333 0.190217
0 0.571667 0.136775 0.143333 0.172101
0 0.249167 0.259058 0.348333 0.362319
0 0.419167 0.123188 0.215000 0.242754
0 0.428333 0.504529 0.246667 0.266304
0 0.736667 0.796196 0.296667 0.291667
