0 0.708681 0.705729 0.234028 0.210417
0 0.520139 0.876042 0.333333 0.236458
0 0.692708 0.261719 0.234028 0.165104
0 0.437500 0.253646 0.326389 0.250000
0 0.823264 0.335938 0.313194 0.242708
0 0.292708 0.827865 0.224306 0.251563
0 0.177431 0.549479 0.353472 0.297917
0 0.495139 0.614844 0.358333 0.275521
0 0.705208 0.555469 0.152083 0.115104
0 0.132292 0.846615 0.263194 0.306771
0 0.786806 0.104427 0.276389 0.207812
0 0.144444 0.220052 0.287500 0.276562
0 0.527431 0.091927 0.247917 0.177604
0 0.601042 0.452604 0.317361 0.227083
0 0.253819 0.080729 0.285417 0.159375
0 0.205903 0.401302 0.304861 0.151562
0 0.840625 0.874740 0.317361 0.236979
