0 0.345625 0.798872 0.108750 0.169173
0 0.889375 0.821429 0.113750 0.161654
0 0.659375 0.820489 0.108750 0.163534
0 0.775625 0.816729 0.106250 0.174812
0 0.610625 0.661654 0.093750 0.142857
0 0.446875 0.503759 0.108750 0.161654
0 0.873750 0.509398 0.112500 0.161654
0 0.109375 0.192669 0.118750 0.174812
0 0.893125 0.654135 0.098750 0.131579
0 0.798125 0.662594 0.096250 0.140977
0 0.128125 0.665414 0.098750 0.135338
0 0.875000 0.187970 0.117500 0.165414
0 0.555000 0.511278 0.110000 0.165414
0 0.765625 0.350564 0.108750 0.167293
0 0.446875 0.808271 0.103750 0.169173
0 0.664375 0.511278 0.106250 0.165414
0 0.873125 0.343045 0.108750 0.159774
0 0.129375 0.811090 0.113750 0.171053
0 0.548125 0.346805 0.103750 0.148496
0 0.225625 0.654135 0.098750 0.139098
0 0.221250 0.187030 0.110000 0.159774
0 0.235000 0.514098 0.105000 0.148496
0 0.333750 0.343045 0.107500 0.159774
0 0.766875 0.507519 0.108750 0.161654
0 0.656250 0.338346 0.110000 0.176692
0 0.418750 0.652256 0.097500 0.142857
0 0.120000 0.354323 0.107500 0.159774
0 0.701875 0.673872 0.093750 0.140977
0 0.128750 0.513158 0.110000 0.161654
0 0.764375 0.183271 0.108750 0.167293
0 0.551875 0.816729 0.106250 0.163534
0 0.338750 0.505639 0.110000 0.161654
0 0.439375 0.180451 0.108750 0.161654
0 0.236250 0.807331 0.110000 0.167293
0 0.441250 0.343985 0.107500 0.157895
0 0.226250 0.353383 0.105000 0.169173
0 0.330000 0.187030 0.112500 0.159774
0 0.658125 0.188910 0.108750 0.156015
0 0.515625 0.660714 0.098750 0.144737
0 0.321250 0.652256 0.097500 0.139098
0 0.550000 0.183271 0.110000 0.163534
