0 0.885833 0.208750 0.041667 0.057500
0 0.935833 0.191250 0.051667 0.042500
0 0.588333 0.832500 0.083333 0.120000
0 0.654167 0.075000 0.041667 0.060000
0 0.839167 0.147500 0.045000 0.060000
0 0.443333 0.346250 0.040000 0.052500
0 0.593333 0.512500 0.063333 0.075000
0 0.347500 0.520000 0.051667 0.075000
0 0.649167 0.505000 0.055000 0.080000
0 0.405833 0.932500 0.091667 0.130000
0 0.618333 0.385000 0.053333 0.060000
0 0.735833 0.903750 0.091667 0.122500
0 0.030000 0.457500 0.056667 0.065000
0 0.191667 0.246250 0.043333 0.042500
0 0.376667 0.773750 0.093333 0.127500
0 0.274167 0.483750 0.078333 0.092500
0 0.862500 0.696250 0.075000 0.102500
0 0.475833 0.077500 0.038333 0.055000
0 0.120833 0.253750 0.041667 0.047500
0 0.170833 0.398750 0.058333 0.087500
0 0.661667 0.877500 0.086667 0.130000
0 0.148333 0.125000 0.040000 0.050000
0 0.729167 0.510000 0.058333 0.075000
0 0.257500 0.336250 0.038333 0.047500
0 0.732500 0.802500 0.095000 0.105000
0 0.555833 0.071250 0.038333 0.042500
0 0.767500 0.220000 0.048333 0.060000
0 0.773333 0.487500 0.056667 0.085000
0 0.080000 0.860000 0.103333 0.125000
0 0.891667 0.593750 0.073333 0.112500
0 0.365000 0.893750 0.086667 0.137500
0 0.640000 0.766250 0.080000 0.112500
0 0.605000 0.707500 0.086667 0.115000
0 0.058333 0.386250 0.070000 0.092500
0 0.510833 0.558750 0.061667 0.077500
0 0.391667 0.561250 0.063333 0.057500
0 0.534167 0.905000 0.071667 0.105000
0 0.828333 0.451250 0.053333 0.072500
0 0.055000 0.167500 0.033333 0.045000
0 0.691667 0.368750 0.053333 0.072500
0 0.256667 0.125000 0.043333 0.055000
0 0.099167 0.135000 0.038333 0.050000
0 0.292500 0.573750 0.078333 0.107500
0 0.120000 0.387500 0.056667 0.085000
0 0.616667 0.287500 0.046667 0.070000
0 0.767500 0.400000 0.061667 0.050000
0 0.094167 0.673750 0.071667 0.102500
0 0.483333 0.476250 0.060000 0.057500
0 0.046667 0.733750 0.086667 0.132500
0 0.468333 0.786250 0.090000 0.087500
0 0.688333 0.095000 0.036667 0.045000
0 0.501667 0.672500 0.063333 0.070000
0 0.517500 0.097500 0.031667 0.035000
0 0.616667 0.461250 0.060000 0.052500
0 0.962500 0.690000 0.075000 0.105000
0 0.423333 0.505000 0.063333 0.090000
0 0.683333 0.745000 0.080000 0.125000
0 0.132500 0.765000 0.088333 0.140000
0 0.336667 0.650000 0.063333 0.060000
0 0.488333 0.357500 0.050000 0.035000
0 0.385833 0.090000 0.035000 0.040000
0 0.532500 0.753750 0.081667 0.132500
0 0.620000 0.935000 0.096667 0.110000
0 0.055833 0.316250 0.058333 0.067500
0 0.962500 0.768750 0.071667 0.082500
