0 0.704500 0.098348 0.025000 0.037538
0 0.598500 0.054805 0.033000 0.046547
0 0.784500 0.207207 0.045000 0.066066
0 0.454500 0.048799 0.029000 0.043544
0 0.655000 0.672673 0.034000 0.054054
0 0.413500 0.674925 0.035000 0.049550
0 0.553000 0.566817 0.034000 0.049550
0 0.427500 0.659159 0.031000 0.054054
0 0.246500 0.355856 0.035000 0.045045
0 0.345000 0.503003 0.022000 0.033033
0 0.411000 0.262763 0.028000 0.042042
0 0.373500 0.646396 0.041000 0.052553
0 0.297500 0.548048 0.023000 0.039039
0 0.023500 0.798048 0.035000 0.040541
0 0.627000 0.301802 0.030000 0.045045
0 0.694000 0.274024 0.024000 0.040541
0 0.580500 0.645646 0.035000 0.057057
0 0.461000 0.676426 0.034000 0.046547
0 0.093500 0.335586 0.023000 0.034535
0 0.737500 0.046547 0.031000 0.051051
0 0.047500 0.692192 0.035000 0.051051
0 0.276000 0.397898 0.028000 0.039039
0 0.637000 0.482733 0.028000 0.046547
0 0.585000 0.731231 0.040000 0.057057
0 0.445000 0.203453 0.030000 0.034535
0 0.515000 0.159910 0.044000 0.070571
0 0.543500 0.512763 0.035000 0.052553
0 0.323000 0.483483 0.024000 0.039039
0 0.460500 0.158408 0.029000 0.037538
0 0.684500 0.170420 0.025000 0.037538
0 0.491500 0.280030 0.031000 0.037538
0 0.819500 0.334084 0.029000 0.037538
0 0.766000 0.294294 0.030000 0.045045
0 0.842500 0.346847 0.027000 0.036036
0 0.614000 0.668919 0.046000 0.064565
0 0.800000 0.042042 0.034000 0.054054
0 0.057000 0.651652 0.022000 0.036036
0 0.663500 0.159159 0.021000 0.039039
0 0.029000 0.858859 0.034000 0.039039
0 0.582000 0.320571 0.034000 0.043544
0 0.639500 0.713213 0.051000 0.060060
0 0.470500 0.647147 0.037000 0.045045
0 0.342000 0.341592 0.026000 0.037538
0 0.055500 0.599099 0.031000 0.042042
0 0.477500 0.561562 0.037000 0.057057
0 0.381500 0.747748 0.029000 0.051051
0 0.912500 0.106607 0.049000 0.072072
