0 0.827445 0.118953 0.051203 0.069786
0 0.697389 0.902062 0.155658 0.192704
0 0.716590 0.561063 0.103943 0.157811
0 0.495904 0.233545 0.050691 0.064235
0 0.652330 0.719270 0.121864 0.190325
0 0.550435 0.631642 0.103431 0.165741
0 0.710701 0.142347 0.053251 0.068993
0 0.513313 0.410785 0.092678 0.142744
0 0.887097 0.351308 0.077317 0.072958
0 0.543779 0.187153 0.065540 0.095163
0 0.758065 0.081681 0.056836 0.076130
0 0.092422 0.024187 0.058884 0.046788
0 0.462110 0.782316 0.099846 0.159397
0 0.354327 0.436162 0.054275 0.133228
0 0.850486 0.060270 0.050179 0.087232
0 0.068100 0.507137 0.090118 0.134021
0 0.308756 0.196273 0.072709 0.092784
0 0.048643 0.168914 0.075781 0.104679
0 0.316180 0.128866 0.055812 0.043616
0 0.053763 0.922284 0.105479 0.155432
0 0.132873 0.181998 0.074245 0.078509
0 0.611367 0.492070 0.103431 0.168914
0 0.271121 0.388580 0.105991 0.136400
0 0.235535 0.966693 0.094214 0.066614
0 0.958781 0.431800 0.079365 0.116574
0 0.805940 0.670103 0.123912 0.158604
0 0.579109 0.262887 0.076805 0.114988
0 0.336918 0.316019 0.076805 0.105472
0 0.140041 0.851308 0.112135 0.140365
0 0.859959 0.869548 0.179724 0.257732
0 0.917563 0.634814 0.118792 0.153053
0 0.154890 0.534496 0.103943 0.118953
0 0.411418 0.429421 0.095750 0.148295
0 0.065540 0.343378 0.091142 0.128469
0 0.117256 0.956384 0.116743 0.087232
0 0.614951 0.135607 0.063492 0.090404
0 0.382744 0.254163 0.072197 0.097542
0 0.745776 0.190722 0.058884 0.088025
0 0.555300 0.030135 0.042499 0.058684
0 0.451869 0.074941 0.051715 0.084853
0 0.181516 0.274782 0.092678 0.124504
0 0.591654 0.050753 0.050691 0.063442
0 0.877624 0.422680 0.088070 0.085646
0 0.763441 0.026566 0.056324 0.051546
0 0.933692 0.783505 0.132616 0.228390
0 0.181260 0.024584 0.061444 0.047581
0 0.211726 0.905234 0.092678 0.127676
0 0.858935 0.302141 0.072197 0.085646
0 0.566052 0.946868 0.107015 0.106265
0 0.732975 0.766852 0.119304 0.171293
0 0.930620 0.136796 0.062980 0.086439
0 0.243216 0.513085 0.110599 0.155432
0 0.908090 0.067407 0.056836 0.095163
0 0.443676 0.306106 0.071173 0.107851
0 0.733999 0.258921 0.079365 0.107058
0 0.468510 0.515464 0.105479 0.157018
0 0.819252 0.518239 0.119816 0.162569
0 0.129800 0.417129 0.108039 0.150674
0 0.407322 0.107454 0.058884 0.073751
0 0.134153 0.027756 0.039939 0.042823
0 0.018689 0.059080 0.036354 0.081681
0 0.657450 0.175258 0.063492 0.103093
0 0.241679 0.237906 0.087046 0.120539
0 0.545827 0.781919 0.088070 0.130056
0 0.715310 0.321174 0.052227 0.041237
0 0.630568 0.227994 0.067076 0.091197
0 0.967230 0.091594 0.054275 0.078509
0 0.647465 0.300555 0.080389 0.076130
0 0.454685 0.648295 0.097286 0.124504
0 0.682284 0.419112 0.102919 0.126090
