0 0.065000 0.185000 0.123333 0.136667
0 0.253333 0.886667 0.246667 0.220000
0 0.068333 0.421667 0.130000 0.123333
0 0.115000 0.618333 0.216667 0.143333
0 0.323333 0.240000 0.133333 0.126667
0 0.463333 0.818333 0.220000 0.196667
0 0.580000 0.311667 0.193333 0.203333
0 0.645000 0.806667 0.176667 0.120000
0 0.435000 0.396667 0.183333 0.153333
0 0.661667 0.671667 0.210000 0.230000
0 0.101667 0.071667 0.116667 0.130000
0 0.156667 0.113333 0.146667 0.146667
0 0.815000 0.688333 0.136667 0.143333
0 0.683333 0.205000 0.173333 0.143333
0 0.168333 0.316667 0.143333 0.140000
0 0.466667 0.143333 0.133333 0.133333
0 0.450000 0.050000 0.146667 0.093333
0 0.288333 0.081667 0.136667 0.130000
0 0.858333 0.320000 0.170000 0.133333
0 0.243333 0.473333 0.200000 0.200000
0 0.910000 0.066667 0.173333 0.126667
0 0.298333 0.706667 0.143333 0.193333
0 0.041667 0.305000 0.076667 0.143333
0 0.725000 0.425000 0.316667 0.303333
0 0.131667 0.748333 0.223333 0.216667
0 0.431667 0.661667 0.236667 0.236667
