0 0.055659 0.058333 0.029685 0.044444
0 0.497217 0.562500 0.037106 0.058333
0 0.781076 0.426389 0.033395 0.041667
0 0.192022 0.313889 0.035250 0.066667
0 0.099258 0.723611 0.050093 0.063889
0 0.665121 0.531944 0.031540 0.041667
0 0.342301 0.868056 0.027829 0.036111
0 0.468460 0.965278 0.038961 0.058333
0 0.137291 0.408333 0.048237 0.066667
0 0.245826 0.373611 0.035250 0.052778
0 0.432282 0.150000 0.025974 0.033333
0 0.516698 0.512500 0.042672 0.058333
0 0.501855 0.458333 0.031540 0.050000
0 0.753247 0.618056 0.029685 0.047222
0 0.813544 0.415278 0.031540 0.047222
0 0.038961 0.851389 0.040816 0.058333
0 0.654917 0.419444 0.033395 0.050000
0 0.236549 0.300000 0.057514 0.083333
0 0.333952 0.359722 0.029685 0.052778
0 0.702226 0.594444 0.031540 0.044444
0 0.188312 0.195833 0.046382 0.063889
0 0.651206 0.558333 0.029685 0.044444
0 0.950835 0.286111 0.035250 0.050000
0 0.714286 0.345833 0.037106 0.058333
0 0.881262 0.463889 0.033395 0.044444
0 0.365492 0.354167 0.044527 0.058333
0 0.460111 0.804167 0.033395 0.058333
0 0.232839 0.959722 0.035250 0.047222
