0 0.157594 0.175403 0.182124 0.136089
0 0.905410 0.778100 0.185820 0.148438
0 0.936156 0.373362 0.127688 0.106099
0 0.103831 0.481477 0.202285 0.143397
0 0.832829 0.536164 0.204637 0.118196
0 0.463206 0.299899 0.163642 0.119456
0 0.063340 0.361895 0.126008 0.137601
0 0.820397 0.226058 0.156250 0.100806
0 0.080477 0.884073 0.160282 0.150202
0 0.811660 0.427167 0.164987 0.099798
0 0.439180 0.132308 0.144489 0.112903
0 0.089886 0.736013 0.179099 0.163054
0 0.866431 0.649698 0.197917 0.135585
0 0.269825 0.360635 0.194892 0.120464
0 0.650202 0.405242 0.169355 0.101815
0 0.280410 0.725302 0.197917 0.146169
0 0.279066 0.860509 0.198589 0.146925
0 0.651714 0.499874 0.172379 0.105091
0 0.707325 0.721900 0.194892 0.129788
0 0.794859 0.323589 0.166331 0.113911
0 0.111559 0.068422 0.152554 0.090474
0 0.934644 0.947203 0.130712 0.105595
0 0.936156 0.278604 0.127688 0.098538
0 0.261593 0.042465 0.140121 0.071321
0 0.550235 0.084677 0.138777 0.085685
0 0.456653 0.394783 0.159274 0.094002
0 0.474966 0.487903 0.187164 0.105343
0 0.290995 0.957913 0.247984 0.084173
0 0.725134 0.852823 0.235215 0.153226
0 0.087702 0.602445 0.166667 0.123740
0 0.675067 0.229335 0.157930 0.105343
0 0.543347 0.946573 0.237903 0.098790
0 0.947077 0.480973 0.105847 0.117188
0 0.474798 0.216230 0.143145 0.089718
0 0.656082 0.605595 0.169691 0.119456
0 0.475638 0.845136 0.199933 0.135837
0 0.291499 0.466104 0.179772 0.122732
0 0.767977 0.961064 0.226815 0.071825
0 0.639281 0.309224 0.156250 0.100806
0 0.131552 0.294481 0.172379 0.115171
0 0.579133 0.160786 0.152218 0.123992
0 0.274698 0.588206 0.207325 0.139113
0 0.292339 0.267893 0.169355 0.107359
0 0.471942 0.597530 0.195901 0.133569
0 0.512433 0.722530 0.198253 0.139617
0 0.315188 0.169355 0.161290 0.113911
