0 0.190833 0.606667 0.055000 0.057778
0 0.025000 0.630000 0.046667 0.077778
0 0.142500 0.591111 0.055000 0.048889
0 0.645000 0.680000 0.076667 0.102222
0 0.488333 0.825556 0.106667 0.122222
0 0.133333 0.520000 0.053333 0.048889
0 0.529167 0.928889 0.135000 0.133333
0 0.827500 0.705556 0.075000 0.104444
0 0.475000 0.711111 0.100000 0.097778
0 0.695000 0.727778 0.106667 0.131111
0 0.816667 0.408889 0.103333 0.120000
0 0.090000 0.597778 0.053333 0.057778
0 0.571667 0.656667 0.083333 0.104444
0 0.546667 0.714444 0.076667 0.100000
0 0.630833 0.825556 0.121667 0.162222
0 0.756667 0.844444 0.130000 0.146667
0 0.776667 0.932222 0.136667 0.135556
0 0.792500 0.756667 0.101667 0.131111
0 0.393333 0.747778 0.083333 0.064444
0 0.570000 0.397778 0.090000 0.115556
0 0.197500 0.908889 0.118333 0.102222
0 0.375833 0.836667 0.111667 0.126667
0 0.043333 0.854444 0.083333 0.131111
0 0.135833 0.837778 0.125000 0.133333
0 0.867500 0.833333 0.115000 0.146667
