0 0.102996 0.052500 0.202247 0.101667
0 0.647940 0.050000 0.213483 0.096667
0 0.098315 0.859167 0.192884 0.231667
0 0.198502 0.537500 0.254682 0.221667
0 0.820225 0.077500 0.232210 0.151667
0 0.319288 0.701667 0.241573 0.210000
0 0.810861 0.315000 0.202247 0.190000
0 0.453184 0.109167 0.239700 0.208333
0 0.696629 0.487500 0.209738 0.178333
0 0.874532 0.770833 0.224719 0.188333
0 0.433521 0.900000 0.305243 0.200000
0 0.244382 0.169167 0.234082 0.215000
0 0.427903 0.270833 0.174157 0.141667
0 0.084270 0.405000 0.164794 0.173333
0 0.916667 0.424167 0.166667 0.211667
0 0.266854 0.355833 0.222846 0.188333
0 0.088015 0.218333 0.172285 0.233333
0 0.910112 0.597500 0.176030 0.178333
0 0.753745 0.645833 0.192884 0.178333
0 0.551498 0.648333 0.241573 0.226667
0 0.908240 0.165833 0.183521 0.165000
0 0.480337 0.436667 0.249064 0.220000
0 0.682584 0.856667 0.192884 0.193333
0 0.656367 0.170000 0.204120 0.153333
0 0.612360 0.270000 0.239700 0.216667
