0 0.448958 0.322222 0.218750 0.414815
0 0.548958 0.751852 0.197917 0.355556
0 0.907292 0.574074 0.177083 0.229630
0 0.759375 0.707407 0.239583 0.392593
0 0.406250 0.875926 0.287500 0.248148
0 0.595833 0.135185 0.229167 0.262963
0 0.887500 0.233333 0.225000 0.459259
0 0.916667 0.820370 0.166667 0.359259
0 0.182292 0.338889 0.239583 0.388889
0 0.339583 0.142593 0.212500 0.277778
0 0.616667 0.451852 0.250000 0.414815
0 0.725000 0.368519 0.170833 0.285185
0 0.362500 0.614815 0.212500 0.333333
0 0.070833 0.125926 0.137500 0.244444
0 0.135417 0.714815 0.254167 0.400000
