0 0.551932 0.581522 0.265700 0.210145
0 0.789855 0.524457 0.243961 0.186594
0 0.615942 0.932971 0.234300 0.134058
0 0.470411 0.806159 0.269324 0.199275
0 0.835749 0.936141 0.227053 0.116848
0 0.417874 0.941123 0.217391 0.117754
0 0.902174 0.058424 0.193237 0.115036
0 0.914855 0.834692 0.165459 0.156703
0 0.289251 0.477808 0.221014 0.194746
0 0.320652 0.060688 0.233092 0.119565
0 0.148551 0.612319 0.241546 0.184783
0 0.704106 0.298007 0.251208 0.179348
0 0.910628 0.432518 0.178744 0.192935
0 0.903382 0.255888 0.193237 0.169384
0 0.926329 0.144022 0.132850 0.077899
0 0.766304 0.131793 0.225845 0.180254
0 0.882246 0.690217 0.235507 0.175725
0 0.127415 0.765851 0.223430 0.142210
0 0.567633 0.211051 0.198068 0.193841
0 0.600242 0.052536 0.224638 0.101449
0 0.730072 0.812047 0.259662 0.198370
0 0.386473 0.344656 0.229469 0.180254
0 0.588768 0.400815 0.233092 0.182065
0 0.334541 0.663496 0.234300 0.171196
0 0.169686 0.388134 0.223430 0.138587
0 0.183575 0.240942 0.265700 0.197464
0 0.390700 0.180707 0.218599 0.171196
0 0.161232 0.920290 0.286232 0.159420
