0 0.470000 0.272500 0.183333 0.145000
0 0.309167 0.170000 0.178333 0.110000
0 0.449167 0.705833 0.228333 0.178333
0 0.455833 0.421667 0.221667 0.186667
0 0.123333 0.154167 0.190000 0.138333
0 0.153333 0.308333 0.183333 0.156667
0 0.685833 0.103333 0.168333 0.123333
0 0.937500 0.511667 0.121667 0.160000
0 0.659167 0.380000 0.201667 0.163333
0 0.094167 0.600000 0.181667 0.163333
0 0.296667 0.363333 0.193333 0.156667
0 0.787500 0.896667 0.265000 0.193333
0 0.776667 0.518333 0.223333 0.140000
0 0.461667 0.123333 0.190000 0.150000
0 0.085000 0.853333 0.166667 0.210000
0 0.851667 0.394167 0.193333 0.151667
0 0.910833 0.279167 0.168333 0.135000
0 0.527500 0.902500 0.271667 0.188333
0 0.954167 0.164167 0.091667 0.118333
0 0.275833 0.857500 0.278333 0.228333
0 0.622500 0.199167 0.181667 0.148333
0 0.293333 0.500833 0.196667 0.135000
0 0.905833 0.679167 0.185000 0.191667
0 0.256667 0.667500 0.226667 0.165000
0 0.743333 0.267500 0.193333 0.148333
0 0.110833 0.455833 0.211667 0.148333
0 0.084167 0.052500 0.161667 0.098333
0 0.798333 0.185833 0.163333 0.098333
0 0.692500 0.685833 0.255000 0.195000
0 0.557500 0.561667 0.228333 0.150000
0 0.865833 0.096667 0.185000 0.136667
