0 0.712500 0.380093 0.282407 0.280556
0 0.853704 0.060185 0.264815 0.114815
0 0.144907 0.864352 0.287963 0.265741
0 0.076852 0.421759 0.151852 0.202778
0 0.218056 0.160648 0.263889 0.273148
0 0.889352 0.487500 0.221296 0.275000
0 0.296759 0.909259 0.360185 0.174074
0 0.807870 0.722685 0.384259 0.397222
0 0.451389 0.094907 0.230556 0.187963
0 0.599537 0.862963 0.295370 0.274074
0 0.592130 0.593981 0.302778 0.308333
0 0.115741 0.634722 0.229630 0.293519
0 0.732407 0.152778 0.274074 0.240741
0 0.932407 0.187037 0.135185 0.244444
0 0.449074 0.306944 0.264815 0.280556
0 0.293056 0.487963 0.297222 0.281481
0 0.399537 0.747222 0.258333 0.259259
