0 0.051429 0.436170 0.100000 0.191489
0 0.517143 0.881797 0.134286 0.236407
0 0.024286 0.268322 0.042857 0.073286
0 0.735000 0.066194 0.172857 0.127660
0 0.210000 0.346336 0.245714 0.385343
0 0.890000 0.195035 0.071429 0.125296
0 0.521429 0.180851 0.154286 0.196217
0 0.541429 0.568558 0.131429 0.224586
0 0.682143 0.432624 0.150000 0.226950
0 0.370000 0.891253 0.157143 0.208038
0 0.116429 0.666667 0.110000 0.170213
0 0.370714 0.565012 0.198571 0.312057
0 0.640000 0.906619 0.111429 0.177305
0 0.332857 0.062648 0.080000 0.115839
0 0.201429 0.799054 0.191429 0.321513
0 0.505714 0.369976 0.171429 0.248227
