0 0.933750 0.630833 0.127500 0.161667
0 0.915625 0.800833 0.153750 0.195000
0 0.833125 0.389167 0.086250 0.088333
0 0.153750 0.517500 0.150000 0.208333
0 0.212500 0.311667 0.102500 0.086667
0 0.753125 0.747500 0.186250 0.245000
0 0.191250 0.933333 0.185000 0.133333
0 0.366250 0.370833 0.092500 0.105000
0 0.623125 0.290833 0.048750 0.045000
0 0.365000 0.633333 0.137500 0.176667
0 0.217500 0.676667 0.142500 0.153333
0 0.868125 0.925833 0.186250 0.148333
0 0.279375 0.453333 0.118750 0.110000
0 0.610000 0.845000 0.177500 0.210000
0 0.458750 0.909167 0.170000 0.181667
0 0.761875 0.430000 0.103750 0.126667
0 0.262500 0.376667 0.102500 0.093333
0 0.483750 0.371667 0.112500 0.133333
0 0.464375 0.499167 0.141250 0.171667
0 0.693125 0.593333 0.156250 0.160000
0 0.071875 0.341667 0.113750 0.130000
0 0.305000 0.818333 0.195000 0.263333
0 0.048125 0.865000 0.091250 0.253333
0 0.879375 0.488333 0.131250 0.170000
0 0.561250 0.448333 0.077500 0.106667
0 0.671250 0.452500 0.102500 0.131667
0 0.618125 0.351667 0.066250 0.073333
0 0.131250 0.768333 0.192500 0.250000
0 0.476875 0.754167 0.151250 0.195000
