0 0.067969 0.812500 0.057813 0.075000
0 0.584375 0.926042 0.115625 0.139583
0 0.110156 0.832292 0.067187 0.085417
0 0.233594 0.767708 0.076563 0.093750
0 0.491406 0.809375 0.054688 0.064583
0 0.294531 0.793750 0.051563 0.058333
0 0.232813 0.930208 0.100000 0.131250
0 0.328125 0.840625 0.065625 0.093750
0 0.258594 0.837500 0.073438 0.087500
0 0.179688 0.837500 0.075000 0.091667
0 0.436719 0.812500 0.042188 0.062500
0 0.032031 0.843750 0.060938 0.075000
0 0.028906 0.769792 0.054688 0.081250
0 0.155469 0.789583 0.064063 0.062500
0 0.385938 0.777083 0.062500 0.079167
0 0.319531 0.967708 0.079688 0.064583
0 0.106250 0.940625 0.118750 0.118750
0 0.478906 0.838542 0.060938 0.056250
0 0.458594 0.918750 0.129688 0.158333
0 0.387500 0.961458 0.056250 0.077083
