0 0.155995 0.859551 0.211172 0.144025
0 0.141689 0.179265 0.207084 0.168539
0 0.481608 0.323800 0.216621 0.163432
0 0.304496 0.755873 0.230245 0.171604
0 0.664850 0.177222 0.201635 0.166496
0 0.705041 0.899387 0.189373 0.172625
0 0.514986 0.783453 0.226158 0.165475
0 0.808583 0.109806 0.200272 0.166496
0 0.844687 0.678754 0.242507 0.168539
0 0.945504 0.082737 0.106267 0.163432
0 0.555858 0.469867 0.231608 0.171604
0 0.185286 0.611338 0.223433 0.168539
0 0.291553 0.130235 0.196185 0.158325
0 0.106948 0.727783 0.197548 0.150153
0 0.036104 0.791113 0.069482 0.113381
0 0.474114 0.927477 0.343324 0.145046
0 0.301771 0.454545 0.282016 0.194076
0 0.882153 0.334525 0.134877 0.152196
0 0.508856 0.128192 0.156676 0.141982
0 0.832425 0.807967 0.217984 0.140960
0 0.958447 0.867722 0.083106 0.127681
0 0.262943 0.324311 0.231608 0.150153
0 0.401907 0.631256 0.245232 0.183861
0 0.077657 0.419816 0.152589 0.171604
0 0.404632 0.054648 0.198910 0.107252
0 0.814033 0.532176 0.246594 0.179775
0 0.967984 0.316139 0.061308 0.148110
0 0.935967 0.218590 0.122616 0.122574
0 0.722071 0.360061 0.261580 0.191011
0 0.650545 0.050562 0.197548 0.099081
0 0.624659 0.623085 0.213896 0.165475
