0 0.675000 0.433333 0.131250 0.166667
0 0.395313 0.395833 0.137500 0.195833
0 0.376563 0.254167 0.121875 0.141667
0 0.120313 0.191667 0.137500 0.145833
0 0.599219 0.537500 0.157813 0.237500
0 0.767188 0.112500 0.125000 0.133333
0 0.921094 0.645833 0.157813 0.212500
0 0.633594 0.717708 0.129688 0.185417
0 0.068750 0.303125 0.128125 0.160417
0 0.886719 0.091667 0.114063 0.137500
0 0.838281 0.361458 0.160938 0.185417
0 0.453906 0.076042 0.089063 0.102083
0 0.282813 0.481250 0.153125 0.166667
0 0.900781 0.856250 0.198438 0.287500
0 0.657813 0.088542 0.093750 0.102083
0 0.948438 0.521875 0.103125 0.177083
0 0.221094 0.137500 0.107813 0.129167
0 0.285938 0.060417 0.090625 0.112500
0 0.371094 0.175000 0.114063 0.104167
0 0.619531 0.197917 0.120313 0.129167
0 0.753906 0.552083 0.148438 0.120833
0 0.253906 0.284375 0.126562 0.152083
0 0.392969 0.845833 0.220313 0.283333
0 0.446094 0.544792 0.164062 0.202083
0 0.069531 0.613542 0.132812 0.181250
0 0.682031 0.876042 0.179688 0.214583
0 0.157813 0.375000 0.168750 0.233333
0 0.547656 0.862500 0.110938 0.166667
0 0.261719 0.630208 0.185938 0.227083
0 0.193750 0.792708 0.196875 0.247917
0 0.026563 0.214583 0.050000 0.141667
0 0.115625 0.092708 0.100000 0.102083
0 0.824219 0.214583 0.123438 0.133333
0 0.300781 0.356250 0.095313 0.095833
0 0.484375 0.710417 0.156250 0.212500
0 0.714063 0.267708 0.146875 0.189583
0 0.768750 0.676042 0.181250 0.256250
0 0.068750 0.463542 0.134375 0.152083
0 0.481250 0.290625 0.109375 0.118750
0 0.062500 0.810417 0.121875 0.320833
0 0.496094 0.217708 0.095313 0.114583
0 0.857813 0.448958 0.159375 0.206250
0 0.943750 0.212500 0.112500 0.150000
0 0.538281 0.369792 0.157813 0.193750
0 0.382812 0.102083 0.100000 0.116667
