0 0.071875 0.603044 0.131250 0.227166
0 0.813281 0.396956 0.101562 0.185012
0 0.648438 0.393443 0.137500 0.206089
0 0.232813 0.755269 0.156250 0.128806
0 0.521094 0.405152 0.132812 0.145199
0 0.602344 0.728337 0.157813 0.192037
0 0.393750 0.637002 0.159375 0.210773
0 0.521094 0.584309 0.148438 0.231850
0 0.437500 0.764637 0.150000 0.119438
0 0.671875 0.577283 0.150000 0.166276
0 0.536719 0.310304 0.135938 0.128806
0 0.374219 0.482436 0.154688 0.206089
0 0.124219 0.731850 0.142187 0.147541
0 0.626563 0.663934 0.137500 0.189696
0 0.220313 0.576112 0.175000 0.229508
