0 0.901538 0.084184 0.101538 0.142857
0 0.226154 0.594388 0.126154 0.224490
0 0.402308 0.427296 0.180000 0.288265
0 0.570000 0.154337 0.130769 0.186224
0 0.651538 0.246173 0.118462 0.196429
0 0.363077 0.122449 0.113846 0.127551
0 0.270769 0.311224 0.113846 0.204082
0 0.543077 0.563776 0.132308 0.234694
0 0.523846 0.883929 0.173846 0.221939
0 0.816923 0.098214 0.113846 0.114796
0 0.683077 0.482143 0.175385 0.295918
0 0.550769 0.404337 0.116923 0.150510
0 0.137692 0.058673 0.115385 0.112245
0 0.364615 0.868622 0.175385 0.237245
0 0.324615 0.242347 0.095385 0.163265
0 0.467692 0.130102 0.110769 0.158163
0 0.260769 0.784439 0.112308 0.196429
0 0.329231 0.644133 0.153846 0.237245
0 0.640000 0.741071 0.166154 0.267857
0 0.483846 0.683673 0.158462 0.265306
