0 0.531915 0.754480 0.199468 0.250896
0 0.919548 0.759857 0.160904 0.243728
0 0.123670 0.503584 0.183511 0.236559
0 0.690824 0.252688 0.184840 0.232975
0 0.869016 0.257168 0.174202 0.220430
0 0.331782 0.775090 0.195479 0.245520
0 0.896277 0.482975 0.183511 0.245520
0 0.716755 0.484767 0.170213 0.209677
0 0.737367 0.735663 0.184840 0.270609
0 0.326463 0.498208 0.182181 0.236559
0 0.512633 0.257168 0.160904 0.213262
0 0.132979 0.252688 0.188830 0.197133
0 0.525931 0.484767 0.190160 0.220430
0 0.327793 0.244624 0.184840 0.245520
0 0.115027 0.789427 0.206117 0.263441
