0 0.838252 0.061343 0.265625 0.118056
0 0.392072 0.358410 0.162616 0.283179
0 0.631366 0.929784 0.189815 0.132716
0 0.829572 0.208333 0.286458 0.353395
0 0.603009 0.092978 0.226852 0.182870
0 0.090278 0.398534 0.179398 0.329475
0 0.380498 0.115355 0.221644 0.224537
0 0.628472 0.702932 0.289352 0.401235
0 0.870660 0.535880 0.258681 0.340278
0 0.153067 0.773534 0.304977 0.452932
0 0.393808 0.851080 0.310764 0.297840
0 0.279803 0.559799 0.236690 0.306327
0 0.563947 0.336034 0.269097 0.349537
0 0.861979 0.829090 0.270255 0.315586
0 0.192130 0.159722 0.209491 0.313272
