0 0.028125 0.307243 0.053125 0.100467
0 0.753125 0.823598 0.087500 0.119159
0 0.757031 0.629673 0.076563 0.105140
0 0.831250 0.716121 0.078125 0.100467
0 0.513281 0.518692 0.070312 0.102804
0 0.320312 0.588785 0.081250 0.107477
0 0.599219 0.629673 0.082813 0.109813
0 0.367188 0.677570 0.084375 0.126168
0 0.674219 0.718458 0.085938 0.123832
0 0.653906 0.533879 0.054688 0.081776
0 0.194531 0.801402 0.114063 0.140187
0 0.884375 0.764019 0.087500 0.102804
0 0.807813 0.890187 0.100000 0.149533
0 0.166406 0.742991 0.104688 0.116822
0 0.719531 0.591121 0.064063 0.088785
0 0.475000 0.851636 0.100000 0.123832
0 0.504688 0.917056 0.106250 0.105140
0 0.111719 0.606308 0.076563 0.105140
0 0.378125 0.351636 0.062500 0.077103
0 0.709375 0.773364 0.084375 0.102804
0 0.069531 0.477804 0.076563 0.109813
0 0.098438 0.545561 0.087500 0.091121
0 0.150000 0.682243 0.096875 0.107477
0 0.549219 0.954439 0.114063 0.091121
0 0.225000 0.883178 0.112500 0.168224
