0 0.177083 0.764275 0.149306 0.213735
0 0.492188 0.366512 0.133681 0.183642
0 0.817998 0.244599 0.116319 0.168210
0 0.587963 0.357639 0.105324 0.168981
0 0.215278 0.557485 0.155093 0.215278
0 0.331019 0.219907 0.123843 0.194444
0 0.798032 0.662809 0.118056 0.160494
0 0.711516 0.213735 0.131366 0.152778
0 0.827546 0.382716 0.127315 0.140432
0 0.455729 0.210648 0.137153 0.168210
0 0.377604 0.588735 0.138310 0.205247
0 0.586227 0.195988 0.131944 0.166667
0 0.512442 0.543981 0.156829 0.182099
0 0.335648 0.764660 0.170139 0.199074
0 0.214699 0.384645 0.168981 0.189043
0 0.853299 0.514660 0.110532 0.145062
0 0.639757 0.532793 0.124421 0.181327
0 0.891204 0.655478 0.130787 0.165895
0 0.745081 0.500000 0.123264 0.180556
0 0.363426 0.401235 0.135417 0.195988
0 0.697338 0.340664 0.136574 0.162809
0 0.200810 0.204861 0.155093 0.215278
