0 0.767130 0.272487 0.041667 0.050265
0 0.274074 0.886243 0.051852 0.068783
0 0.874074 0.763889 0.046296 0.070106
0 0.258796 0.948413 0.050926 0.063492
0 0.075463 0.791005 0.043519 0.058201
0 0.192130 0.976190 0.045370 0.047619
0 0.185648 0.755291 0.045370 0.068783
0 0.829630 0.773810 0.046296 0.068783
0 0.303704 0.819444 0.037037 0.064815
0 0.042130 0.789021 0.036111 0.056878
0 0.566204 0.872354 0.043519 0.064815
0 0.339815 0.839286 0.046296 0.062169
0 0.136574 0.826058 0.049074 0.072751
0 0.252315 0.730159 0.047222 0.063492
0 0.731019 0.964286 0.049074 0.066138
0 0.846296 0.525794 0.048148 0.064815
0 0.390741 0.894841 0.050000 0.067460
0 0.575926 0.583333 0.053704 0.071429
0 0.880556 0.380291 0.057407 0.083333
0 0.588426 0.525794 0.054630 0.064815
0 0.760648 0.921958 0.049074 0.071429
