0 0.631000 0.498494 0.082000 0.117470
0 0.928000 0.271084 0.044000 0.060241
0 0.495000 0.560241 0.070000 0.090361
0 0.373000 0.530120 0.086000 0.144578
0 0.084000 0.137048 0.060000 0.105422
0 0.125000 0.174699 0.074000 0.120482
0 0.040000 0.091867 0.076000 0.105422
0 0.611000 0.875000 0.106000 0.159639
0 0.340000 0.037651 0.072000 0.069277
0 0.376000 0.379518 0.088000 0.138554
0 0.327000 0.676205 0.122000 0.177711
0 0.506000 0.731928 0.068000 0.108434
0 0.237000 0.250000 0.090000 0.138554
0 0.510000 0.493976 0.068000 0.108434
0 0.452000 0.381024 0.064000 0.117470
