0 0.122656 0.116061 0.154688 0.105510
0 0.714063 0.198124 0.128125 0.112544
0 0.932031 0.661782 0.135938 0.099648
0 0.911719 0.575029 0.151563 0.125440
0 0.717188 0.070340 0.128125 0.103165
0 0.585156 0.172919 0.129688 0.109027
0 0.374219 0.922040 0.170313 0.132474
0 0.054688 0.597304 0.106250 0.134818
0 0.675781 0.958968 0.151563 0.082063
0 0.619531 0.597890 0.139063 0.117233
0 0.198438 0.471864 0.171875 0.106682
0 0.946875 0.171161 0.106250 0.112544
0 0.784375 0.841735 0.146875 0.117233
0 0.642188 0.456038 0.159375 0.117233
0 0.185938 0.618406 0.075000 0.052755
0 0.878906 0.166471 0.110938 0.133646
0 0.768750 0.606096 0.178125 0.114889
0 0.297656 0.327081 0.154688 0.100821
0 0.764063 0.719226 0.168750 0.113716
0 0.388281 0.433763 0.145313 0.112544
0 0.436719 0.343494 0.135938 0.091442
0 0.417969 0.254396 0.132812 0.089097
0 0.525781 0.927902 0.151563 0.120750
0 0.063281 0.398007 0.123438 0.111372
