0 0.698000 0.443333 0.217333 0.236000
0 0.636000 0.315333 0.200000 0.260000
0 0.476000 0.208000 0.184000 0.274667
0 0.481333 0.533333 0.242667 0.317333
0 0.054000 0.538000 0.105333 0.388000
0 0.836667 0.343333 0.198667 0.302667
0 0.147333 0.839333 0.292000 0.308000
0 0.132667 0.164000 0.185333 0.194667
0 0.401333 0.322667 0.192000 0.242667
0 0.301333 0.192000 0.154667 0.229333
0 0.766000 0.180000 0.180000 0.258667
0 0.666667 0.738000 0.272000 0.433333
0 0.229333 0.579333 0.258667 0.337333
0 0.934000 0.295333 0.132000 0.233333
0 0.897333 0.663333 0.202667 0.350667
0 0.592667 0.109333 0.164000 0.205333
0 0.184667 0.349333 0.244000 0.266667
0 0.431333 0.831333 0.286667 0.329333
