0 0.445129 0.920673 0.204686 0.158654
0 0.853884 0.416667 0.141800 0.182692
0 0.052404 0.124199 0.099877 0.149038
0 0.601110 0.085737 0.144266 0.168269
0 0.841554 0.322115 0.146732 0.150641
0 0.953144 0.892628 0.093711 0.214744
0 0.717633 0.077724 0.110974 0.113782
0 0.100493 0.487179 0.183724 0.224359
0 0.689273 0.199519 0.150432 0.181090
0 0.099877 0.294071 0.165228 0.200321
0 0.114673 0.871795 0.226880 0.253205
0 0.364982 0.773237 0.207152 0.270833
0 0.927867 0.562500 0.141800 0.173077
0 0.360049 0.396635 0.192355 0.254808
0 0.885327 0.220353 0.110974 0.123397
0 0.731196 0.781250 0.184957 0.251603
0 0.419236 0.125000 0.138101 0.208333
0 0.946979 0.746795 0.106042 0.134615
0 0.845253 0.054487 0.090012 0.105769
0 0.097411 0.702724 0.189889 0.219551
0 0.842787 0.677083 0.166461 0.225962
0 0.813194 0.887821 0.191122 0.221154
0 0.395808 0.590545 0.130703 0.171474
0 0.297164 0.173878 0.152898 0.187500
0 0.510481 0.251603 0.152898 0.144231
0 0.718249 0.551282 0.156597 0.214744
0 0.258940 0.589744 0.192355 0.269231
0 0.561652 0.785256 0.178792 0.253205
0 0.660296 0.369391 0.131936 0.219551
0 0.249692 0.907853 0.149199 0.184295
0 0.559186 0.374199 0.176326 0.203526
0 0.797164 0.189904 0.102343 0.152244
0 0.556104 0.583333 0.192355 0.214744
0 0.927867 0.169071 0.094945 0.126603
0 0.835388 0.131410 0.102343 0.102564
0 0.236745 0.322115 0.145499 0.201923
0 0.161529 0.118590 0.145499 0.163462
0 0.956843 0.412660 0.086313 0.155449
