0 0.594000 0.812941 0.192000 0.263529
0 0.459500 0.588824 0.193000 0.255294
0 0.710500 0.584706 0.217000 0.242353
0 0.228000 0.580000 0.188000 0.254118
0 0.114500 0.364706 0.193000 0.247059
0 0.927000 0.600000 0.146000 0.256471
0 0.832000 0.395882 0.192000 0.248235
0 0.922000 0.205882 0.156000 0.240000
0 0.470000 0.195882 0.206000 0.252941
0 0.243500 0.196471 0.183000 0.235294
0 0.591000 0.385294 0.188000 0.238824
0 0.330500 0.805882 0.199000 0.249412
0 0.103000 0.801765 0.204000 0.295294
0 0.696000 0.204706 0.178000 0.237647
0 0.347500 0.378235 0.193000 0.238824
0 0.849000 0.814118 0.192000 0.261176
