0 0.884667 0.471667 0.057333 0.066667
0 0.502667 0.377500 0.074667 0.091667
0 0.859333 0.556667 0.046667 0.070000
0 0.566000 0.387500 0.054667 0.081667
0 0.900667 0.567500 0.054667 0.068333
0 0.454667 0.610833 0.058667 0.075000
0 0.479333 0.189167 0.065333 0.091667
0 0.332000 0.650833 0.064000 0.085000
0 0.898000 0.326667 0.062667 0.080000
0 0.972000 0.476667 0.056000 0.086667
0 0.742667 0.507500 0.037333 0.068333
0 0.512000 0.218333 0.056000 0.090000
0 0.932000 0.171667 0.053333 0.063333
0 0.884000 0.647500 0.053333 0.075000
0 0.306000 0.714167 0.065333 0.068333
0 0.798000 0.537500 0.046667 0.078333
0 0.940667 0.638333 0.062667 0.083333
0 0.964667 0.138333 0.054667 0.066667
0 0.482000 0.460000 0.049333 0.060000
