0 0.624375 0.621875 0.108750 0.153750
0 0.404375 0.335000 0.091250 0.132500
0 0.205625 0.865000 0.101250 0.125000
0 0.925625 0.059375 0.116250 0.113750
0 0.176250 0.799375 0.110000 0.131250
0 0.335625 0.261250 0.058750 0.077500
0 0.679375 0.180000 0.091250 0.102500
0 0.560625 0.403125 0.108750 0.138750
0 0.960625 0.469375 0.078750 0.183750
0 0.560625 0.269375 0.111250 0.148750
0 0.902500 0.668750 0.117500 0.147500
0 0.791875 0.456875 0.071250 0.088750
0 0.662500 0.463750 0.117500 0.145000
0 0.278750 0.108750 0.050000 0.062500
0 0.886875 0.943750 0.061250 0.090000
0 0.334375 0.465625 0.101250 0.136250
0 0.309375 0.776875 0.081250 0.113750
