0 0.605870 0.135333 0.197065 0.260000
0 0.243711 0.370000 0.141509 0.161333
0 0.736897 0.288000 0.194969 0.237333
0 0.080713 0.535333 0.159329 0.212000
0 0.872642 0.826000 0.110063 0.134667
0 0.613732 0.706000 0.126834 0.148000
0 0.063941 0.767333 0.123690 0.214667
0 0.527778 0.932000 0.185535 0.133333
0 0.303983 0.621333 0.115304 0.152000
0 0.677673 0.837333 0.122642 0.136000
0 0.107966 0.217333 0.174004 0.186667
0 0.177673 0.624000 0.126834 0.160000
0 0.870021 0.088000 0.205451 0.173333
0 0.736897 0.622000 0.153040 0.190667
0 0.776730 0.760000 0.134172 0.165333
0 0.900943 0.684000 0.128931 0.154667
