0 0.664211 0.590678 0.031579 0.059322
0 0.517368 0.639831 0.045263 0.079661
0 0.778421 0.736441 0.038947 0.059322
0 0.627368 0.646610 0.035789 0.062712
0 0.433684 0.121186 0.027368 0.052542
0 0.812632 0.508475 0.048421 0.071186
0 0.730526 0.535593 0.025263 0.050847
0 0.323158 0.585593 0.031579 0.049153
0 0.329474 0.966102 0.037895 0.057627
0 0.652632 0.378814 0.042105 0.076271
0 0.485263 0.061864 0.029474 0.049153
0 0.340000 0.334746 0.025263 0.038983
0 0.295789 0.838136 0.033684 0.055932
0 0.583158 0.815254 0.042105 0.067797
0 0.467368 0.638983 0.037895 0.061017
0 0.618947 0.293220 0.033684 0.054237
0 0.480000 0.097458 0.029474 0.035593
0 0.716316 0.387288 0.051579 0.083051
0 0.863684 0.736441 0.041053 0.062712
0 0.814211 0.805085 0.041053 0.064407
0 0.757895 0.246610 0.025263 0.032203
0 0.896316 0.598305 0.034737 0.044068
