0 0.246484 0.714578 0.035156 0.047684
0 0.545312 0.935286 0.035938 0.058583
0 0.739063 0.926431 0.035938 0.065395
0 0.488672 0.886240 0.035156 0.061308
0 0.671875 0.895777 0.029688 0.044959
0 0.611328 0.930518 0.030469 0.049046
0 0.464844 0.933243 0.034375 0.051771
0 0.507422 0.927112 0.035156 0.061308
0 0.678906 0.942779 0.034375 0.051771
0 0.452344 0.880790 0.034375 0.061308
0 0.665234 0.854223 0.030469 0.035422
0 0.534375 0.884877 0.034375 0.055858
0 0.578125 0.930518 0.032813 0.057221
0 0.598828 0.852861 0.032031 0.049046
0 0.557813 0.878747 0.021875 0.049046
0 0.645703 0.935967 0.030469 0.049046
0 0.623438 0.882153 0.029688 0.050409
0 0.435938 0.925749 0.025000 0.053134
0 0.476172 0.841281 0.032031 0.044959
0 0.721875 0.940054 0.035938 0.054496
0 0.510938 0.842643 0.032813 0.050409
0 0.712891 0.888283 0.033594 0.043597
0 0.628906 0.852861 0.028125 0.043597
0 0.407031 0.914169 0.034375 0.059946
