0 0.830000 0.722222 0.116667 0.160000
0 0.157500 0.392222 0.121667 0.153333
0 0.602500 0.620000 0.125000 0.142222
0 0.709167 0.937778 0.095000 0.120000
0 0.555000 0.494444 0.136667 0.184444
0 0.493333 0.714444 0.126667 0.166667
0 0.261667 0.562222 0.133333 0.173333
0 0.395000 0.450000 0.093333 0.104444
0 0.805000 0.396667 0.123333 0.157778
0 0.673333 0.465556 0.130000 0.180000
0 0.299167 0.461111 0.091667 0.095556
0 0.769167 0.560000 0.118333 0.173333
0 0.265000 0.333333 0.116667 0.160000
0 0.109167 0.422222 0.091667 0.151111
0 0.459167 0.383333 0.095000 0.153333
0 0.328333 0.222222 0.106667 0.151111
0 0.528333 0.272222 0.133333 0.157778
0 0.386667 0.622222 0.133333 0.173333
0 0.377500 0.343333 0.105000 0.140000
