0 0.875977 0.030747 0.044922 0.058565
0 0.203125 0.381406 0.064453 0.098097
0 0.717773 0.191801 0.052734 0.081991
0 0.165527 0.633236 0.055664 0.083455
0 0.568359 0.109810 0.046875 0.076135
0 0.365723 0.872621 0.043945 0.067350
0 0.138672 0.107613 0.035156 0.051245
0 0.242188 0.287701 0.054688 0.083455
0 0.836914 0.090044 0.046875 0.065886
0 0.418457 0.558565 0.045898 0.068814
0 0.466797 0.269400 0.039062 0.067350
0 0.227539 0.516105 0.046875 0.068814
0 0.167480 0.478038 0.055664 0.080527
0 0.101074 0.560761 0.061523 0.090776
0 0.620117 0.455344 0.041016 0.067350
0 0.713379 0.374817 0.045898 0.079063
0 0.094238 0.737189 0.055664 0.065886
0 0.792480 0.208638 0.041992 0.060029
0 0.686523 0.415813 0.046875 0.046852
0 0.373535 0.691801 0.047852 0.080527
0 0.653809 0.189605 0.040039 0.068814
0 0.285645 0.841874 0.026367 0.038067
0 0.470215 0.522694 0.049805 0.076135
0 0.850098 0.215959 0.034180 0.062958
0 0.440918 0.441435 0.051758 0.074671
0 0.113281 0.112738 0.023438 0.052709
0 0.491699 0.617862 0.040039 0.067350
0 0.302734 0.403367 0.046875 0.065886
