0 0.455714 0.797535 0.060000 0.073944
0 0.950000 0.616197 0.088571 0.105634
0 0.731429 0.424296 0.091429 0.095070
0 0.395714 0.818662 0.082857 0.080986
0 0.797143 0.656690 0.091429 0.109155
0 0.455714 0.450704 0.082857 0.105634
0 0.590000 0.455986 0.100000 0.109155
0 0.131429 0.551056 0.091429 0.109155
0 0.067143 0.061620 0.071429 0.073944
0 0.730000 0.330986 0.100000 0.126761
0 0.401429 0.522887 0.094286 0.130282
0 0.732857 0.228873 0.094286 0.098592
0 0.612857 0.707746 0.082857 0.105634
0 0.572857 0.353873 0.134286 0.137324
