0 0.410000 0.393333 0.145000 0.186667
0 0.960000 0.243333 0.080000 0.186667
0 0.942500 0.035000 0.110000 0.063333
0 0.563750 0.203333 0.142500 0.186667
0 0.915000 0.906667 0.170000 0.180000
0 0.250000 0.345000 0.175000 0.223333
0 0.105000 0.298333 0.155000 0.203333
0 0.160000 0.741667 0.180000 0.223333
0 0.560000 0.380000 0.140000 0.180000
0 0.330000 0.478333 0.120000 0.116667
0 0.532500 0.058333 0.115000 0.110000
0 0.085000 0.160000 0.150000 0.160000
0 0.642500 0.046667 0.110000 0.086667
0 0.356250 0.813333 0.162500 0.153333
0 0.747500 0.900000 0.185000 0.193333
0 0.338750 0.640000 0.172500 0.226667
0 0.955000 0.563333 0.090000 0.220000
0 0.736250 0.625000 0.177500 0.236667
0 0.436250 0.133333 0.147500 0.200000
0 0.190000 0.538333 0.160000 0.183333
