0 0.207257 0.307759 0.124231 0.187931
0 0.281058 0.456897 0.143911 0.206897
0 0.292128 0.713793 0.156212 0.231034
0 0.422509 0.811207 0.119311 0.163793
0 0.470480 0.426724 0.175892 0.253448
0 0.662362 0.643103 0.131611 0.193103
0 0.791513 0.921552 0.161132 0.156897
0 0.338253 0.268103 0.162362 0.215517
0 0.666667 0.814655 0.125461 0.163793
0 0.798893 0.565517 0.134071 0.193103
0 0.523370 0.138793 0.134071 0.194828
0 0.480320 0.731034 0.138991 0.193103
0 0.777368 0.250000 0.140221 0.182759
0 0.559656 0.507759 0.150062 0.218966
0 0.030135 0.527586 0.057811 0.075862
0 0.196187 0.628448 0.129151 0.201724
