0 0.688000 0.252669 0.280000 0.323843
0 0.104667 0.091637 0.206667 0.179715
0 0.124667 0.795374 0.246667 0.345196
0 0.330000 0.653025 0.244000 0.316726
0 0.466667 0.202847 0.184000 0.263345
0 0.048667 0.253559 0.094667 0.265125
0 0.682000 0.967082 0.086667 0.062278
0 0.845333 0.918149 0.309333 0.156584
0 0.282000 0.118327 0.222667 0.233096
0 0.374000 0.904804 0.289333 0.190391
0 0.172667 0.511566 0.225333 0.282918
0 0.197333 0.278470 0.258667 0.268683
0 0.053333 0.517794 0.104000 0.266904
0 0.910667 0.739324 0.173333 0.311388
0 0.819333 0.489324 0.292000 0.391459
0 0.398000 0.372776 0.270667 0.311388
0 0.629333 0.580071 0.240000 0.323843
0 0.537333 0.842527 0.285333 0.311388
0 0.646667 0.096975 0.269333 0.190391
