0 0.317708 0.796094 0.035417 0.051563
0 0.208854 0.249219 0.038542 0.064063
0 0.285938 0.323438 0.040625 0.062500
0 0.145313 0.477344 0.040625 0.051563
0 0.175521 0.131250 0.040625 0.062500
0 0.389062 0.458594 0.038542 0.054688
0 0.339062 0.759375 0.034375 0.053125
0 0.117708 0.026563 0.045833 0.050000
0 0.015104 0.157813 0.028125 0.068750
0 0.243229 0.255469 0.034375 0.051563
0 0.051562 0.134375 0.042708 0.068750
0 0.242188 0.725781 0.032292 0.051563
0 0.366667 0.785938 0.033333 0.062500
0 0.266146 0.099219 0.040625 0.064063
0 0.120833 0.089844 0.025000 0.048438
0 0.090625 0.039844 0.041667 0.073438
