0 0.537821 0.413011 0.190620 0.208775
0 0.343797 0.395613 0.203480 0.193646
0 0.517776 0.058623 0.144478 0.090015
0 0.526097 0.147126 0.138427 0.121785
0 0.667927 0.083207 0.154312 0.107413
0 0.389183 0.244705 0.191377 0.145991
0 0.237141 0.143722 0.152042 0.125567
0 0.266263 0.059758 0.142209 0.086233
0 0.773449 0.208396 0.106657 0.136914
0 0.561649 0.277610 0.153555 0.124054
0 0.162254 0.407337 0.174735 0.197428
0 0.219743 0.263616 0.170197 0.165658
0 0.712557 0.361573 0.192133 0.175492
0 0.541604 0.638427 0.225416 0.243570
0 0.844932 0.468230 0.202723 0.219365
0 0.133510 0.638048 0.244327 0.229198
0 0.341528 0.687595 0.236762 0.220877
0 0.656581 0.192511 0.184569 0.182300
0 0.381997 0.102118 0.136157 0.119516
0 0.846445 0.691755 0.258699 0.206505
