0 0.234500 0.372564 0.029000 0.040480
0 0.836500 0.296102 0.037000 0.049475
0 0.218500 0.338831 0.031000 0.041979
0 0.271000 0.258621 0.044000 0.067466
0 0.102000 0.399550 0.036000 0.046477
0 0.157000 0.332084 0.036000 0.043478
0 0.966000 0.476012 0.042000 0.046477
0 0.171000 0.560720 0.036000 0.047976
0 0.380000 0.218141 0.050000 0.061469
0 0.480000 0.246627 0.066000 0.091454
0 0.870000 0.107196 0.034000 0.034483
0 0.394000 0.466267 0.052000 0.077961
0 0.830000 0.327586 0.036000 0.046477
0 0.394500 0.273613 0.047000 0.073463
0 0.363000 0.475262 0.038000 0.071964
0 0.248000 0.165667 0.044000 0.067466
0 0.500500 0.339580 0.071000 0.103448
0 0.727500 0.038981 0.031000 0.044978
0 0.660000 0.117691 0.038000 0.052474
0 0.927500 0.474513 0.039000 0.043478
0 0.131000 0.421289 0.046000 0.053973
0 0.974500 0.105697 0.037000 0.043478
0 0.792000 0.142429 0.040000 0.053973
0 0.707500 0.056972 0.025000 0.044978
