0 0.205853 0.971726 0.093750 0.055886
0 0.047743 0.544643 0.073165 0.093254
0 0.335441 0.921296 0.182292 0.146164
0 0.052083 0.210483 0.064484 0.068452
0 0.170263 0.257606 0.105903 0.123016
0 0.501984 0.286541 0.113095 0.135913
0 0.807664 0.548611 0.205605 0.198413
0 0.758681 0.261243 0.122520 0.151455
0 0.299727 0.239914 0.110367 0.137235
0 0.625992 0.286045 0.133929 0.154762
0 0.447049 0.627811 0.121776 0.132606
0 0.153894 0.826885 0.157986 0.168981
0 0.443328 0.804729 0.176835 0.112765
0 0.131324 0.476025 0.107391 0.114749
0 0.320685 0.607474 0.129960 0.132275
0 0.312624 0.410714 0.094494 0.115079
0 0.432540 0.679729 0.133433 0.161045
0 0.842138 0.754630 0.217014 0.246693
0 0.121900 0.565311 0.103423 0.104167
0 0.494420 0.206515 0.109871 0.077712
0 0.197793 0.154927 0.061260 0.067130
0 0.442584 0.514881 0.090526 0.110450
0 0.906994 0.222057 0.132440 0.161045
0 0.717014 0.679729 0.165179 0.170304
0 0.549107 0.899306 0.289187 0.190807
0 0.210565 0.349868 0.086310 0.082011
0 0.209201 0.449405 0.089038 0.115079
0 0.049975 0.353340 0.091022 0.114087
0 0.322793 0.765377 0.139137 0.186177
