0 0.412354 0.678388 0.061035 0.070330
0 0.312500 0.897436 0.084961 0.092308
0 0.391602 0.751648 0.091797 0.083516
0 0.876709 0.722344 0.059082 0.073260
0 0.578125 0.517216 0.044922 0.074725
0 0.313721 0.106960 0.062988 0.077656
0 0.724609 0.908425 0.060547 0.068864
0 0.217529 0.892308 0.109863 0.124542
0 0.457275 0.094872 0.077637 0.082784
0 0.311279 0.833333 0.081543 0.104762
0 0.284424 0.173993 0.081543 0.066667
0 0.635010 0.021245 0.051270 0.039560
0 0.812500 0.833333 0.058594 0.079853
0 0.136475 0.947619 0.128418 0.103297
0 0.054688 0.188278 0.105469 0.115751
0 0.362549 0.126740 0.073730 0.077656
