0 0.744873 0.932601 0.077637 0.106960
0 0.678467 0.595238 0.060059 0.078388
0 0.633545 0.463736 0.057129 0.087912
0 0.716309 0.835165 0.065430 0.098168
0 0.835693 0.668498 0.061035 0.078388
0 0.739258 0.582784 0.067383 0.087179
0 0.540039 0.699267 0.053711 0.071062
0 0.768799 0.650916 0.070801 0.085714
0 0.530273 0.498168 0.054688 0.076190
0 0.716309 0.522344 0.065430 0.067399
0 0.858643 0.962271 0.067871 0.075458
0 0.356689 0.960073 0.064941 0.079853
0 0.912354 0.626007 0.066895 0.087179
0 0.876709 0.744689 0.079590 0.112088
0 0.866943 0.889011 0.067871 0.097436
0 0.639893 0.854579 0.065918 0.110623
0 0.611084 0.600366 0.063965 0.079853
0 0.644775 0.739194 0.062988 0.092308
0 0.703857 0.670696 0.063965 0.082784
0 0.644531 0.664469 0.053711 0.074725
0 0.476807 0.917216 0.062988 0.095238
0 0.855713 0.620513 0.053223 0.070330
0 0.535889 0.771795 0.051270 0.075458
0 0.975098 0.952015 0.049805 0.095971
0 0.552979 0.395604 0.050293 0.073260
0 0.800049 0.876557 0.059082 0.095971
0 0.360352 0.714652 0.061523 0.094505
0 0.527344 0.362637 0.044922 0.064469
0 0.419434 0.398535 0.051758 0.074725
0 0.568604 0.637363 0.051270 0.082051
0 0.300293 0.773993 0.054688 0.091575
0 0.322510 0.864469 0.052246 0.080586
0 0.390137 0.819414 0.078125 0.113553
0 0.454102 0.513919 0.061523 0.090110
0 0.684570 0.902930 0.052734 0.087179
0 0.689941 0.452381 0.056641 0.088645
0 0.578857 0.834432 0.066895 0.099634
0 0.490967 0.808791 0.053223 0.089377
0 0.941895 0.764103 0.065430 0.098168
0 0.526367 0.877289 0.051758 0.081319
0 0.836426 0.806593 0.068359 0.093773
0 0.855225 0.511355 0.053223 0.074725
0 0.483887 0.452381 0.061523 0.090110
0 0.525146 0.957143 0.072754 0.085714
0 0.600342 0.527473 0.059082 0.076190
0 0.800537 0.957509 0.060059 0.084982
0 0.704346 0.745788 0.058105 0.073260
0 0.679688 0.791575 0.065430 0.100366
0 0.447510 0.846520 0.049316 0.072527
0 0.904541 0.856044 0.071777 0.107692
