0 0.523438 0.175781 0.101562 0.070312
0 0.861328 0.238281 0.097656 0.093750
0 0.744141 0.291016 0.136719 0.097656
0 0.763672 0.197266 0.136719 0.097656
0 0.871094 0.068359 0.132812 0.105469
0 0.212891 0.195312 0.113281 0.062500
0 0.050781 0.068359 0.093750 0.066406
0 0.900391 0.328125 0.152344 0.078125
0 0.675781 0.425781 0.117188 0.109375
0 0.484375 0.091797 0.117188 0.097656
0 0.039062 0.304688 0.070312 0.101562
0 0.929688 0.406250 0.125000 0.093750
0 0.220703 0.136719 0.128906 0.085938
0 0.582031 0.072266 0.109375 0.089844
0 0.785156 0.593750 0.132812 0.109375
0 0.177734 0.083984 0.121094 0.074219
0 0.337891 0.076172 0.128906 0.097656
0 0.816406 0.464844 0.148438 0.085938
0 0.205078 0.671875 0.175781 0.117188
0 0.791016 0.380859 0.136719 0.097656
0 0.880859 0.548828 0.136719 0.097656
0 0.095703 0.154297 0.113281 0.097656
0 0.968750 0.048828 0.062500 0.089844
0 0.900391 0.683594 0.136719 0.117188
0 0.708984 0.134766 0.121094 0.082031
0 0.689453 0.046875 0.113281 0.085938
0 0.955078 0.191406 0.089844 0.085938
0 0.646484 0.556641 0.144531 0.097656
