0 0.474609 0.593750 0.058594 0.101562
0 0.490234 0.246094 0.074219 0.093750
0 0.507812 0.353516 0.078125 0.113281
0 0.166016 0.535156 0.097656 0.117188
0 0.837891 0.841797 0.066406 0.082031
0 0.728516 0.351562 0.058594 0.101562
0 0.753906 0.425781 0.054688 0.085938
0 0.242188 0.617188 0.085938 0.101562
0 0.658203 0.660156 0.066406 0.101562
0 0.531250 0.621094 0.085938 0.125000
0 0.599609 0.714844 0.066406 0.101562
0 0.064453 0.335938 0.097656 0.117188
0 0.523438 0.132812 0.062500 0.085938
0 0.382812 0.513672 0.078125 0.113281
0 0.710938 0.644531 0.054688 0.093750
0 0.142578 0.406250 0.097656 0.117188
0 0.548828 0.785156 0.082031 0.109375
0 0.308594 0.509766 0.070312 0.105469
