0 0.814453 0.328125 0.199219 0.210938
0 0.128906 0.843750 0.234375 0.281250
0 0.681641 0.173828 0.230469 0.300781
0 0.919922 0.140625 0.152344 0.257812
0 0.142578 0.632812 0.167969 0.203125
0 0.582031 0.546875 0.179688 0.234375
0 0.871094 0.810547 0.226562 0.332031
0 0.250000 0.531250 0.257812 0.351562
0 0.259766 0.156250 0.222656 0.289062
0 0.542969 0.152344 0.156250 0.257812
0 0.132812 0.080078 0.195312 0.152344
0 0.759766 0.521484 0.246094 0.347656
0 0.392578 0.328125 0.222656 0.242188
0 0.632812 0.818359 0.257812 0.339844
0 0.611328 0.375000 0.199219 0.171875
0 0.380859 0.822266 0.261719 0.339844
0 0.423828 0.576172 0.144531 0.246094
0 0.894531 0.046875 0.210938 0.085938
