0 0.324219 0.103516 0.179688 0.199219
0 0.246094 0.306641 0.171875 0.253906
0 0.751953 0.585938 0.167969 0.250000
0 0.130859 0.109375 0.222656 0.210938
0 0.673828 0.828125 0.160156 0.257812
0 0.912109 0.511719 0.175781 0.281250
0 0.148438 0.679688 0.187500 0.257812
0 0.441406 0.406250 0.210938 0.265625
0 0.824219 0.808594 0.312500 0.312500
0 0.761719 0.935547 0.242188 0.113281
0 0.492188 0.832031 0.218750 0.296875
0 0.339844 0.652344 0.218750 0.289062
0 0.667969 0.376953 0.210938 0.285156
0 0.841797 0.330078 0.144531 0.230469
0 0.078125 0.478516 0.148438 0.285156
0 0.281250 0.875000 0.218750 0.234375
0 0.755859 0.132812 0.214844 0.257812
0 0.568359 0.585938 0.207031 0.257812
0 0.089844 0.882812 0.171875 0.218750
0 0.548828 0.154297 0.230469 0.285156
