0 0.792969 0.224609 0.117188 0.152344
0 0.589844 0.187500 0.109375 0.117188
0 0.490234 0.337891 0.144531 0.207031
0 0.085938 0.298828 0.117188 0.167969
0 0.826172 0.142578 0.082031 0.082031
0 0.521484 0.761719 0.082031 0.109375
0 0.773438 0.685547 0.132812 0.199219
0 0.896484 0.109375 0.074219 0.117188
0 0.400391 0.265625 0.113281 0.132812
0 0.265625 0.152344 0.109375 0.109375
0 0.578125 0.828125 0.140625 0.218750
0 0.871094 0.576172 0.117188 0.167969
0 0.488281 0.164062 0.101562 0.085938
0 0.333984 0.136719 0.082031 0.117188
0 0.748047 0.882812 0.144531 0.203125
0 0.087891 0.892578 0.167969 0.214844
0 0.951172 0.521484 0.097656 0.160156
0 0.652344 0.244141 0.132812 0.183594
0 0.261719 0.300781 0.109375 0.171875
0 0.960938 0.628906 0.078125 0.109375
0 0.525391 0.066406 0.074219 0.062500
0 0.597656 0.064453 0.070312 0.074219
0 0.367188 0.378906 0.117188 0.171875
0 0.837891 0.851562 0.089844 0.132812
