0 0.583984 0.326172 0.144531 0.183594
0 0.664062 0.865234 0.140625 0.183594
0 0.894531 0.666016 0.140625 0.183594
0 0.505859 0.869141 0.144531 0.191406
0 0.201172 0.855469 0.152344 0.179688
0 0.134766 0.679688 0.152344 0.195312
0 0.363281 0.494141 0.148438 0.191406
0 0.287109 0.673828 0.144531 0.183594
0 0.212891 0.501953 0.144531 0.183594
0 0.873047 0.318359 0.136719 0.183594
0 0.800781 0.857422 0.140625 0.183594
0 0.511719 0.490234 0.148438 0.191406
0 0.439453 0.326172 0.144531 0.183594
0 0.349609 0.861328 0.152344 0.191406
0 0.808594 0.498047 0.140625 0.183594
0 0.291016 0.328125 0.144531 0.179688
0 0.662109 0.505859 0.144531 0.175781
0 0.585938 0.667969 0.140625 0.179688
0 0.138672 0.332031 0.144531 0.179688
0 0.433594 0.675781 0.132812 0.195312
0 0.718750 0.318359 0.140625 0.191406
0 0.730469 0.677734 0.148438 0.183594
