0 0.306641 0.554688 0.308594 0.171875
0 0.693359 0.794922 0.363281 0.261719
0 0.322266 0.763672 0.371094 0.269531
0 0.935547 0.769531 0.128906 0.265625
0 0.892578 0.410156 0.214844 0.132812
0 0.121094 0.933594 0.234375 0.132812
0 0.312500 0.250000 0.296875 0.148438
0 0.607422 0.154297 0.246094 0.136719
0 0.488281 0.052734 0.257812 0.097656
0 0.343750 0.150391 0.257812 0.113281
0 0.431641 0.933594 0.355469 0.132812
0 0.099609 0.136719 0.191406 0.132812
0 0.318359 0.392578 0.308594 0.167969
0 0.083984 0.402344 0.160156 0.195312
0 0.603516 0.273438 0.269531 0.125000
0 0.865234 0.273438 0.269531 0.156250
0 0.076172 0.550781 0.144531 0.210938
0 0.064453 0.753906 0.121094 0.257812
0 0.619141 0.566406 0.316406 0.187500
0 0.880859 0.554688 0.238281 0.164062
0 0.720703 0.054688 0.207031 0.101562
0 0.812500 0.945312 0.367188 0.109375
0 0.626953 0.408203 0.308594 0.160156
0 0.839844 0.148438 0.218750 0.117188
