0 0.765625 0.460938 0.179688 0.296875
0 0.097656 0.580078 0.187500 0.324219
0 0.513672 0.525391 0.246094 0.339844
0 0.886719 0.892578 0.218750 0.207031
0 0.330078 0.894531 0.253906 0.203125
0 0.292969 0.609375 0.250000 0.328125
0 0.109375 0.886719 0.210938 0.210938
0 0.628906 0.609375 0.218750 0.281250
0 0.634766 0.289062 0.246094 0.335938
0 0.126953 0.300781 0.238281 0.312500
0 0.251953 0.789062 0.191406 0.148438
0 0.794922 0.103516 0.246094 0.199219
0 0.619141 0.871094 0.253906 0.242188
0 0.373047 0.269531 0.285156 0.375000
0 0.201172 0.109375 0.230469 0.210938
0 0.814453 0.753906 0.207031 0.281250
0 0.470703 0.761719 0.191406 0.218750
0 0.912109 0.582031 0.175781 0.296875
0 0.550781 0.089844 0.273438 0.171875
0 0.902344 0.275391 0.195312 0.316406
