0 0.484375 0.652344 0.117188 0.171875
0 0.519531 0.179688 0.093750 0.132812
0 0.703125 0.421875 0.148438 0.195312
0 0.830078 0.396484 0.121094 0.152344
0 0.316406 0.177734 0.117188 0.121094
0 0.437500 0.333984 0.109375 0.167969
0 0.136719 0.416016 0.125000 0.167969
0 0.335938 0.328125 0.101562 0.148438
0 0.121094 0.578125 0.132812 0.164062
0 0.751953 0.261719 0.113281 0.148438
0 0.472656 0.484375 0.132812 0.164062
0 0.167969 0.207031 0.117188 0.148438
0 0.236328 0.611328 0.121094 0.160156
0 0.335938 0.488281 0.148438 0.171875
0 0.140625 0.748047 0.117188 0.152344
0 0.433594 0.789062 0.125000 0.171875
0 0.830078 0.808594 0.121094 0.164062
0 0.511719 0.339844 0.085938 0.164062
0 0.214844 0.462891 0.101562 0.136719
0 0.421875 0.166016 0.101562 0.144531
0 0.560547 0.798828 0.128906 0.167969
0 0.603516 0.523438 0.136719 0.179688
0 0.226562 0.312500 0.117188 0.140625
0 0.695312 0.800781 0.140625 0.179688
0 0.263672 0.763672 0.136719 0.152344
0 0.703125 0.150391 0.117188 0.167969
0 0.361328 0.650391 0.121094 0.160156
0 0.777344 0.634766 0.132812 0.191406
0 0.593750 0.242188 0.125000 0.171875
