0 0.062500 0.890625 0.117188 0.117188
0 0.267578 0.175781 0.113281 0.132812
0 0.828125 0.757812 0.125000 0.140625
0 0.734375 0.113281 0.109375 0.125000
0 0.228516 0.072266 0.097656 0.097656
0 0.660156 0.269531 0.117188 0.164062
0 0.861328 0.589844 0.167969 0.195312
0 0.380859 0.136719 0.089844 0.109375
0 0.855469 0.132812 0.109375 0.132812
0 0.851562 0.900391 0.171875 0.167969
0 0.097656 0.341797 0.117188 0.121094
0 0.791016 0.199219 0.136719 0.164062
0 0.707031 0.763672 0.171875 0.199219
0 0.648438 0.058594 0.109375 0.109375
0 0.667969 0.513672 0.125000 0.191406
0 0.853516 0.388672 0.167969 0.214844
0 0.191406 0.896484 0.164062 0.113281
0 0.742188 0.625000 0.085938 0.140625
