0 0.181641 0.343750 0.355469 0.273438
0 0.648438 0.095703 0.343750 0.183594
0 0.273438 0.902344 0.492188 0.195312
0 0.929688 0.414062 0.132812 0.218750
0 0.826172 0.617188 0.339844 0.273438
0 0.728516 0.322266 0.386719 0.269531
0 0.154297 0.101562 0.300781 0.195312
0 0.853516 0.902344 0.285156 0.179688
0 0.224609 0.642578 0.417969 0.300781
0 0.894531 0.167969 0.210938 0.250000
0 0.050781 0.458984 0.093750 0.222656
0 0.611328 0.802734 0.464844 0.332031
0 0.066406 0.810547 0.125000 0.269531
0 0.496094 0.484375 0.414062 0.296875
0 0.441406 0.187500 0.359375 0.289062
