0 0.888672 0.566406 0.222656 0.226562
0 0.886719 0.779297 0.226562 0.324219
0 0.814453 0.433594 0.152344 0.171875
0 0.347656 0.250000 0.171875 0.171875
0 0.095703 0.472656 0.175781 0.171875
0 0.626953 0.224609 0.175781 0.175781
0 0.707031 0.759766 0.156250 0.175781
0 0.480469 0.080078 0.132812 0.152344
0 0.160156 0.896484 0.164062 0.207031
0 0.279297 0.386719 0.175781 0.218750
0 0.402344 0.523438 0.226562 0.296875
0 0.683594 0.912109 0.257812 0.175781
0 0.515625 0.378906 0.187500 0.250000
0 0.849609 0.363281 0.160156 0.171875
0 0.373047 0.138672 0.128906 0.144531
0 0.173828 0.701172 0.222656 0.285156
0 0.671875 0.466797 0.187500 0.269531
