0 0.501953 0.683594 0.214844 0.335938
0 0.896484 0.175781 0.183594 0.335938
0 0.697266 0.851562 0.253906 0.265625
0 0.873047 0.462891 0.207031 0.222656
0 0.248047 0.417969 0.199219 0.289062
0 0.746094 0.255859 0.218750 0.300781
0 0.431641 0.164062 0.167969 0.242188
0 0.332031 0.876953 0.265625 0.246094
0 0.900391 0.736328 0.199219 0.339844
0 0.691406 0.539062 0.242188 0.304688
0 0.867188 0.947266 0.203125 0.105469
0 0.453125 0.402344 0.218750 0.304688
0 0.250000 0.138672 0.210938 0.269531
0 0.105469 0.904297 0.203125 0.191406
0 0.154297 0.642578 0.246094 0.339844
0 0.589844 0.113281 0.210938 0.218750
0 0.734375 0.048828 0.117188 0.089844
0 0.087891 0.193359 0.167969 0.308594
