0 0.519531 0.210938 0.093750 0.132812
0 0.308594 0.197266 0.093750 0.128906
0 0.626953 0.789062 0.136719 0.179688
0 0.599609 0.296875 0.121094 0.156250
0 0.666016 0.408203 0.113281 0.152344
0 0.277344 0.494141 0.093750 0.121094
0 0.224609 0.701172 0.121094 0.144531
0 0.320312 0.765625 0.132812 0.164062
0 0.767578 0.273438 0.113281 0.109375
0 0.462891 0.804688 0.113281 0.132812
0 0.701172 0.177734 0.113281 0.144531
0 0.546875 0.488281 0.125000 0.156250
0 0.777344 0.408203 0.125000 0.160156
0 0.746094 0.728516 0.109375 0.152344
0 0.292969 0.353516 0.117188 0.144531
0 0.412109 0.640625 0.121094 0.179688
0 0.193359 0.552734 0.121094 0.152344
0 0.460938 0.408203 0.117188 0.152344
0 0.220703 0.222656 0.121094 0.156250
0 0.603516 0.628906 0.113281 0.140625
0 0.697266 0.564453 0.136719 0.175781
0 0.425781 0.199219 0.101562 0.148438
