0 0.826172 0.394531 0.167969 0.210938
0 0.408203 0.353516 0.152344 0.214844
0 0.304688 0.449219 0.179688 0.273438
0 0.488281 0.251953 0.117188 0.152344
0 0.289062 0.156250 0.109375 0.125000
0 0.623047 0.273438 0.113281 0.117188
0 0.837891 0.636719 0.238281 0.273438
0 0.533203 0.082031 0.089844 0.117188
0 0.710938 0.466797 0.187500 0.167969
0 0.943359 0.515625 0.105469 0.273438
0 0.353516 0.207031 0.121094 0.132812
0 0.431641 0.062500 0.097656 0.117188
0 0.238281 0.300781 0.156250 0.179688
0 0.441406 0.541016 0.132812 0.183594
0 0.828125 0.861328 0.304688 0.261719
0 0.230469 0.863281 0.218750 0.257812
0 0.367188 0.687500 0.156250 0.257812
0 0.521484 0.828125 0.324219 0.320312
0 0.568359 0.380859 0.152344 0.175781
0 0.208984 0.615234 0.230469 0.324219
0 0.699219 0.335938 0.117188 0.101562
0 0.601562 0.607422 0.265625 0.292969
