0 0.939453 0.894531 0.113281 0.203125
0 0.564453 0.486328 0.199219 0.292969
0 0.738281 0.060547 0.210938 0.113281
0 0.498047 0.755859 0.183594 0.292969
0 0.462891 0.244141 0.207031 0.292969
0 0.929688 0.433594 0.140625 0.304688
0 0.314453 0.789062 0.207031 0.289062
0 0.566406 0.060547 0.117188 0.113281
0 0.671875 0.222656 0.218750 0.296875
0 0.771484 0.474609 0.183594 0.269531
0 0.376953 0.507812 0.199219 0.296875
0 0.880859 0.701172 0.183594 0.300781
0 0.169922 0.537109 0.199219 0.300781
0 0.228516 0.125000 0.183594 0.242188
0 0.693359 0.738281 0.207031 0.296875
0 0.144531 0.347656 0.203125 0.257812
0 0.861328 0.193359 0.175781 0.269531
0 0.111328 0.835938 0.207031 0.289062
