0 0.076172 0.369141 0.144531 0.316406
0 0.658203 0.113281 0.253906 0.218750
0 0.767578 0.830078 0.214844 0.332031
0 0.585938 0.810547 0.179688 0.324219
0 0.792969 0.275391 0.210938 0.308594
0 0.705078 0.554688 0.167969 0.273438
0 0.240234 0.394531 0.191406 0.281250
0 0.398438 0.753906 0.226562 0.289062
0 0.796875 0.068359 0.101562 0.128906
0 0.578125 0.341797 0.226562 0.316406
0 0.078125 0.837891 0.148438 0.324219
0 0.927734 0.751953 0.144531 0.339844
0 0.869141 0.539062 0.144531 0.273438
0 0.511719 0.097656 0.140625 0.187500
0 0.939453 0.412109 0.121094 0.347656
0 0.158203 0.623047 0.230469 0.332031
0 0.388672 0.466797 0.222656 0.316406
0 0.357422 0.154297 0.230469 0.300781
0 0.251953 0.824219 0.175781 0.281250
0 0.152344 0.152344 0.226562 0.296875
0 0.394531 0.935547 0.218750 0.128906
