0 0.371094 0.080078 0.164062 0.152344
0 0.486328 0.818359 0.230469 0.316406
0 0.093750 0.521484 0.179688 0.292969
0 0.630859 0.367188 0.175781 0.195312
0 0.912109 0.414062 0.175781 0.250000
0 0.611328 0.580078 0.253906 0.316406
0 0.283203 0.449219 0.230469 0.281250
0 0.662109 0.128906 0.183594 0.234375
0 0.496094 0.216797 0.210938 0.261719
0 0.863281 0.619141 0.242188 0.308594
0 0.884766 0.888672 0.230469 0.222656
0 0.484375 0.468750 0.195312 0.273438
0 0.128906 0.781250 0.226562 0.281250
0 0.791016 0.271484 0.207031 0.261719
0 0.345703 0.666016 0.207031 0.277344
0 0.281250 0.167969 0.210938 0.265625
0 0.105469 0.263672 0.179688 0.207031
0 0.955078 0.230469 0.082031 0.226562
0 0.697266 0.826172 0.214844 0.285156
0 0.826172 0.216797 0.191406 0.261719
0 0.207031 0.041016 0.179688 0.074219
0 0.250000 0.916016 0.281250 0.167969
0 0.064453 0.107422 0.121094 0.207031
