0 0.916016 0.265625 0.167969 0.265625
0 0.744141 0.818359 0.207031 0.277344
0 0.835938 0.119141 0.195312 0.230469
0 0.585938 0.859375 0.257812 0.281250
0 0.582031 0.322266 0.148438 0.246094
0 0.750000 0.330078 0.203125 0.238281
0 0.183594 0.333984 0.234375 0.285156
0 0.101562 0.789062 0.195312 0.265625
0 0.466797 0.103516 0.167969 0.199219
0 0.130859 0.548828 0.191406 0.230469
0 0.501953 0.548828 0.230469 0.300781
0 0.349609 0.847656 0.230469 0.304688
0 0.843750 0.509766 0.257812 0.316406
0 0.919922 0.763672 0.152344 0.324219
0 0.304688 0.517578 0.179688 0.277344
0 0.085938 0.089844 0.164062 0.171875
0 0.279297 0.765625 0.191406 0.234375
0 0.671875 0.564453 0.164062 0.261719
0 0.417969 0.298828 0.226562 0.277344
0 0.287109 0.083984 0.191406 0.160156
0 0.644531 0.125000 0.179688 0.234375
