0 0.523438 0.392578 0.156250 0.246094
0 0.507812 0.183594 0.171875 0.195312
0 0.179688 0.140625 0.164062 0.203125
0 0.345703 0.152344 0.167969 0.203125
0 0.048828 0.134766 0.089844 0.222656
0 0.181641 0.607422 0.207031 0.246094
0 0.238281 0.367188 0.195312 0.242188
0 0.781250 0.134766 0.203125 0.238281
0 0.716797 0.533203 0.214844 0.292969
0 0.638672 0.123047 0.128906 0.160156
0 0.472656 0.904297 0.265625 0.191406
0 0.083984 0.292969 0.160156 0.164062
0 0.679688 0.308594 0.187500 0.210938
0 0.853516 0.763672 0.269531 0.324219
0 0.103516 0.441406 0.136719 0.179688
0 0.369141 0.519531 0.214844 0.281250
0 0.882812 0.316406 0.179688 0.210938
0 0.949219 0.228516 0.101562 0.230469
0 0.070312 0.833984 0.132812 0.277344
0 0.882812 0.501953 0.179688 0.214844
0 0.046875 0.601562 0.085938 0.218750
0 0.564453 0.691406 0.191406 0.265625
0 0.388672 0.314453 0.128906 0.160156
0 0.279297 0.769531 0.269531 0.351562
