0 0.802734 0.300781 0.191406 0.234375
0 0.765625 0.128906 0.203125 0.250000
0 0.923828 0.828125 0.152344 0.312500
0 0.484375 0.523438 0.203125 0.242188
0 0.837891 0.539062 0.230469 0.359375
0 0.724609 0.822266 0.246094 0.324219
0 0.220703 0.826172 0.238281 0.316406
0 0.595703 0.292969 0.199219 0.281250
0 0.326172 0.126953 0.183594 0.246094
0 0.158203 0.560547 0.214844 0.230469
0 0.095703 0.214844 0.183594 0.312500
0 0.355469 0.460938 0.187500 0.250000
0 0.658203 0.525391 0.160156 0.277344
0 0.109375 0.904297 0.210938 0.191406
0 0.460938 0.892578 0.250000 0.214844
0 0.232422 0.330078 0.191406 0.285156
0 0.519531 0.675781 0.218750 0.320312
