0 0.494141 0.216797 0.152344 0.097656
0 0.279297 0.242188 0.121094 0.101562
0 0.416016 0.353516 0.152344 0.097656
0 0.660156 0.621094 0.164062 0.125000
0 0.509766 0.671875 0.167969 0.125000
0 0.751953 0.570312 0.128906 0.093750
0 0.582031 0.503906 0.171875 0.125000
0 0.302734 0.515625 0.136719 0.101562
0 0.433594 0.566406 0.171875 0.125000
0 0.271484 0.343750 0.144531 0.101562
0 0.292969 0.429688 0.132812 0.085938
0 0.816406 0.367188 0.156250 0.109375
0 0.736328 0.291016 0.105469 0.058594
0 0.197266 0.484375 0.089844 0.085938
0 0.576172 0.406250 0.128906 0.093750
0 0.585938 0.248047 0.085938 0.089844
0 0.525391 0.310547 0.152344 0.097656
0 0.673828 0.250000 0.089844 0.070312
0 0.386719 0.261719 0.117188 0.093750
0 0.726562 0.474609 0.171875 0.128906
0 0.667969 0.343750 0.156250 0.109375
0 0.343750 0.646484 0.148438 0.121094
0 0.232422 0.574219 0.121094 0.109375
0 0.433594 0.447266 0.156250 0.121094
