0 0.072266 0.128906 0.136719 0.250000
0 0.449219 0.378906 0.210938 0.289062
0 0.390625 0.908203 0.218750 0.175781
0 0.640625 0.664062 0.210938 0.312500
0 0.185547 0.919922 0.214844 0.160156
0 0.644531 0.105469 0.195312 0.203125
0 0.441406 0.117188 0.210938 0.226562
0 0.816406 0.376953 0.195312 0.292969
0 0.234375 0.392578 0.218750 0.292969
0 0.072266 0.392578 0.136719 0.300781
0 0.234375 0.693359 0.226562 0.308594
0 0.636719 0.347656 0.195312 0.320312
0 0.070312 0.693359 0.132812 0.300781
0 0.808594 0.902344 0.195312 0.195312
0 0.238281 0.126953 0.195312 0.246094
0 0.042969 0.914062 0.078125 0.164062
0 0.849609 0.664062 0.214844 0.289062
0 0.839844 0.119141 0.195312 0.230469
0 0.443359 0.677734 0.207031 0.300781
0 0.609375 0.912109 0.210938 0.175781
0 0.947266 0.357422 0.097656 0.292969
0 0.941406 0.894531 0.109375 0.203125
